(10004,1,5030, 5019, 5008, 5002, 5001)
(10005,1,5028, 5017, 5006)
(10007,1,5031, 5020, 5009, 5003, 5002, 5001)
(10010,1,5051, 5040, 5029, 5018, 5007, 5001)
(10011,1,5029, 5040, 5051)
(10013,1,5053, 5042, 5031, 5020, 5015)
(10014,1,5025, 5026, 5032, 5043, 5054)
(10015,1,5000, 5001, 5002, 5008, 5019, 5030, 5041)
(10016,1,5030, 5019, 5008, 5002, 5001, 5000)
(10019,1,5024, 5025, 5031, 5042, 5053)
(10022,1,5003, 5004, 5010, 5021, 5032, 5043)
(10026,1,5039, 5028, 5017, 5011)
(10027,1,5032, 5043, 5054)
(10032,1,5012, 5013, 5019, 5030, 5041, 5052)
(10039,1,5015, 5021, 5032, 5043, 5054)
(10040,1,5049, 5038, 5027, 5016, 5005, 5000, 5001, 5002, 5003, 5004)
(10043,1,5040, 5029, 5018)
(10046,1,5030, 5019, 5008, 5002, 5001, 5000)
(10049,1,5003, 5009, 5020, 5031)
(10051,1,5013, 5014, 5015, 5021, 5032, 5043)
(10053,1,5013, 5014, 5015, 5021, 5032, 5043)
(10055,1,5001, 5002, 5008, 5019, 5030)
(10056,1,5025, 5031, 5042, 5053)
(10058,1,5032, 5021, 5010, 5004, 5003)
(10059,1,5003, 5009, 5020, 5031, 5042)
(10063,1,5022, 5023, 5029, 5040, 5051)
(10064,1,5031, 5020, 5009, 5003, 5002, 5001, 5000)
(10068,1,5004, 5003, 5002, 5007, 5018, 5029, 5040, 5051)
(10070,1,5025, 5026, 5032, 5043, 5054)
(10071,1,5053, 5042, 5031, 5025)
(10075,1,5026, 5032, 5043, 5054)
(10078,1,5001, 5006, 5017, 5028, 5039, 5050)
(10079,1,5024, 5030, 5041, 5052)
(10089,1,5030, 5019, 5008, 5002)
(10092,1,5040, 5029, 5018, 5012, 5011)
(10094,1,5030, 5019, 5008)
(10097,1,5023, 5024, 5025, 5031, 5042, 5053)
(10102,1,5028, 5017, 5006)
(10106,1,5039, 5028, 5017, 5011)
(10109,1,5028, 5039, 5050)
(10113,1,5038, 5027, 5016, 5005, 5000, 5001, 5002, 5003)
(10115,1,5006, 5017, 5028, 5039)
(10120,1,5028, 5017, 5006)
(10121,1,5051, 5040, 5029, 5018, 5012, 5011)
(10123,1,5053, 5042, 5031, 5020)
(10126,1,5009, 5020, 5031, 5042, 5053)
(10002,1,5016, 5027, 5038, 5049)
(10003,1,5052, 5041, 5030, 5019, 5013, 5012, 5011)
(10018,1,5027, 5038, 5049)
(10021,1,5015, 5020, 5031, 5042, 5053)
(10025,1,5053, 5042, 5031, 5025)
(10029,1,5032, 5043, 5054)
(10030,1,5039, 5028, 5017, 5006)
(10033,1,5051, 5040, 5029, 5018, 5007, 5002, 5003, 5004)
(10034,1,5001, 5002, 5003, 5009, 5020, 5031)
(10037,1,5027, 5016, 5005)
(10038,1,5053, 5042, 5031, 5020, 5009, 5004)
(10041,1,5030, 5041, 5052)
(10042,1,5049, 5038, 5027, 5016, 5011, 5012)
(10044,1,5031, 5020, 5009, 5003, 5002, 5001)
(10045,1,5001, 5002, 5003, 5009, 5020, 5031, 5042)
(10047,1,5030, 5041, 5052)
(10048,1,5005, 5016, 5027, 5038, 5049)
(10060,1,5023, 5024, 5025, 5026, 5032, 5043, 5054)
(10061,1,5015, 5014, 5019, 5030, 5041, 5052)
(10065,1,5001, 5000, 5005, 5016, 5027, 5038, 5049)
(10066,1,5053, 5042, 5031, 5020, 5014, 5013, 5012, 5011)
(10073,1,5031, 5020, 5009, 5003, 5002, 5001)
(10074,1,5051, 5040, 5029, 5023)
(10076,1,5051, 5040, 5029, 5018, 5007, 5001)
(10080,1,5032, 5021, 5010, 5004, 5003, 5002, 5001)
(10081,1,5013, 5019, 5030, 5041)
(10083,1,5054, 5043, 5032, 5021, 5010)
(10086,1,5038, 5027, 5016, 5005, 5000, 5001)
(10088,1,5032, 5043, 5054)
(10090,1,5003, 5009, 5020, 5031)
(10093,1,5027, 5016, 5005)
(10095,1,5032, 5021, 5010)
(10096,1,5052, 5041, 5030, 5024, 5023)
(10103,1,5000, 5001, 5002, 5003, 5004, 5010, 5021, 5032, 5043, 5054)
(10104,1,5018, 5029, 5040, 5051)
(10107,1,5003, 5002, 5007, 5018, 5029, 5040, 5051)
(10112,1,5026, 5032, 5043, 5054)
(10118,1,5011, 5017, 5028, 5039)
(10125,1,5014, 5020, 5031, 5042, 5053)
(10000,1,5024, 5025, 5031, 5042, 5053)
(10001,1,5030, 5041, 5052)
(10006,1,5029, 5018, 5007, 5001)
(10008,1,5049, 5038, 5027, 5016, 5005)
(10009,1,5043, 5032, 5021, 5015, 5014, 5013, 5012)
(10012,1,5029, 5018, 5007, 5001)
(10017,1,5012, 5017, 5028, 5039, 5050)
(10020,1,5040, 5029, 5018, 5007, 5002, 5003)
(10023,1,5029, 5018, 5007, 5001)
(10024,1,5038, 5027, 5016, 5005, 5000, 5001, 5002, 5003)
(10028,1,5003, 5009, 5020, 5031, 5042, 5053)
(10031,1,5050, 5039, 5028, 5017, 5006, 5001, 5002, 5003)
(10035,1,5005, 5016, 5027)
(10036,1,5011, 5017, 5028, 5039, 5050)
(10050,1,5024, 5030, 5041, 5052)
(10052,1,5028, 5039, 5050)
(10054,1,5012, 5013, 5014, 5020, 5031, 5042, 5053)
(10057,1,5049, 5038, 5027, 5016, 5011, 5012, 5013)
(10062,1,5008, 5019, 5030)
(10067,1,5032, 5043, 5054)
(10069,1,5012, 5017, 5028, 5039, 5050)
(10072,1,5052, 5041, 5030, 5019, 5008, 5002, 5001)
(10077,1,5007, 5018, 5029, 5040)
(10082,1,5040, 5029, 5018, 5007, 5001, 5000)
(10084,1,5014, 5015, 5021, 5032, 5043)
(10085,1,5052, 5041, 5030, 5019, 5014, 5015)
(10087,1,5029, 5018, 5007, 5001, 5000)
(10091,1,5053, 5042, 5031, 5020, 5009)
(10098,1,5021, 5032, 5043)
(10099,1,5054, 5043, 5032, 5021)
(10100,1,5028, 5039, 5050)
(10101,1,5011, 5016, 5027, 5038, 5049)
(10105,1,5025, 5026, 5032, 5043, 5054)
(10108,1,5038, 5027, 5016)
(10110,1,5015, 5021, 5032, 5043)
(10111,1,5050, 5039, 5028, 5017, 5012, 5013)
(10114,1,5011, 5012, 5013, 5014, 5015, 5021, 5032, 5043)
(10116,1,5041, 5030, 5019, 5008, 5002, 5001)
(10117,1,5023, 5029, 5040, 5051)
(10119,1,5039, 5028, 5017, 5006, 5000)
(10122,1,5011, 5016, 5027, 5038, 5049)
(10124,1,5041, 5030, 5019, 5008, 5003)
(10127,1,5028, 5017, 5006)
