#(carId,StartTime,RoadId...)
(10004,1,5029, 5035, 5041, 5052)
(10013,1,5019, 5030, 5041, 5047, 5048)
(10022,1,5031, 5042, 5053)
(10063,1,5031, 5042, 5048, 5054)
(10082,1,5039, 5028, 5017, 5006)
(10108,1,5020, 5031, 5036, 5041, 5046, 5051, 5056, 5055)
(10136,1,5048, 5047, 5041, 5030, 5019, 5008, 5002, 5001)
(10140,1,5048, 5047, 5041, 5030, 5019, 5008, 5002)
(10142,1,5011, 5012, 5018, 5029, 5040)
(10146,1,5021, 5032, 5043)
(10155,51,5009, 5020, 5031, 5042)
(10168,51,5007, 5012, 5017, 5028, 5039, 5050)
(10171,51,5054, 5043, 5032, 5021)
(10189,51,5013, 5019, 5030, 5041, 5047, 5048)
(10202,51,5032, 5043, 5054)
(10207,51,5032, 5043, 5054)
(10272,51,5029, 5035, 5041, 5047, 5053)
(10273,51,5015, 5020, 5031, 5036, 5041, 5052)
(10274,51,5027, 5038, 5044, 5050, 5056, 5057)
(10289,51,5008, 5019, 5030, 5041, 5046)
(10352,96,5019, 5030, 5041, 5047, 5053)
(10354,96,5029, 5035, 5041, 5047, 5053)
(10380,96,5006, 5012, 5018, 5029, 5040)
(10383,96,5030, 5041, 5047, 5053)
(10388,96,5015, 5020, 5031, 5036, 5041, 5046, 5051, 5056)
(10414,96,5031, 5042, 5048, 5054)
(10438,96,5028, 5017, 5011, 5005)
(10450,96,5041, 5030, 5019, 5008, 5002)
(10451,96,5046, 5041, 5030, 5019, 5008, 5003)
(10465,96,5012, 5013, 5019, 5030, 5041, 5047)
(10479,146,5028, 5017, 5006)
(10487,146,5027, 5038, 5044, 5050, 5056, 5057, 5058)
(10501,146,5041, 5030, 5024, 5018)
(10503,146,5051, 5040, 5029, 5018, 5012, 5006)
(10504,146,5031, 5025, 5019, 5008)
(10517,146,5057, 5056, 5050, 5044, 5038, 5027)
(10529,146,5019, 5030, 5041, 5046, 5051)
(10540,146,5010, 5021, 5032)
(10625,146,5028, 5017, 5011, 5005)
(10640,146,5007, 5018, 5029, 5040)
(10713,191,5032, 5043, 5054)
(10743,191,5027, 5016, 5005)
(10787,191,5008, 5019, 5030, 5041, 5047, 5048)
(10823,191,5051, 5040, 5029)
(10827,191,5032, 5043, 5054)
(10849,191,5047, 5041, 5030, 5024, 5018, 5012, 5011)
(10868,191,5047, 5041, 5030, 5019, 5014)
(10874,191,5047, 5041, 5030, 5019, 5014)
(10888,191,5049, 5038, 5027)
(10920,191,5009, 5020, 5031, 5042, 5048)
(10946,236,5041, 5030, 5019, 5008, 5003, 5004)
(10955,236,5008, 5019, 5030, 5041, 5047, 5053)
(10963,236,5008, 5019, 5030, 5041, 5046, 5045, 5044)
(10976,236,5003, 5008, 5019, 5030, 5041)
(10981,236,5029, 5018, 5012, 5011, 5005)
(10998,236,5011, 5012, 5013, 5019, 5030, 5041, 5047, 5048)
(11013,236,5032, 5043, 5054)
(11019,236,5059, 5053, 5047, 5041, 5030, 5024, 5018, 5012)
(11029,236,5002, 5008, 5019, 5030, 5036)
(11072,236,5011, 5012, 5013, 5019, 5030, 5041, 5047, 5048)
(11086,291,5031, 5025, 5019, 5008)
(11110,291,5044, 5038, 5027, 5016)
(11112,291,5032, 5043, 5054)
(11113,291,5048, 5047, 5041, 5030, 5019, 5008)
(11128,291,5043, 5032, 5021, 5010)
(11137,291,5031, 5042, 5048, 5054)
(11139,291,5049, 5038, 5033, 5028, 5017, 5012, 5007)
(11209,291,5011, 5012, 5013, 5019, 5030, 5041, 5047, 5048)
(11213,291,5045, 5046, 5041, 5030, 5019, 5008)
(11230,291,5032, 5021, 5010)
(11251,336,5046, 5041, 5030, 5019, 5008, 5003)
(11262,336,5038, 5033, 5028, 5017, 5006)
(11282,336,5015, 5020, 5031, 5036, 5041, 5052)
(11293,336,5045, 5046, 5041, 5030, 5019, 5008, 5003)
(11315,336,5005, 5011, 5012, 5013, 5019, 5030, 5041, 5052)
(11334,336,5018, 5029, 5040, 5051)
(11376,336,5019, 5030, 5041, 5046, 5051)
(11380,336,5004, 5003, 5008, 5019, 5030, 5041, 5046, 5045, 5044)
(11396,336,5012, 5013, 5019, 5030, 5041, 5047)
(11401,336,5053, 5047, 5041, 5030, 5019, 5008, 5003)
(11456,396,5003, 5008, 5019, 5030, 5041, 5046, 5045, 5044)
(11472,396,5030, 5024, 5018, 5012, 5011, 5005)
(11476,396,5040, 5029, 5018, 5012, 5011, 5005)
(11504,396,5027, 5038, 5049)
(11525,396,5027, 5016, 5005)
(11557,396,5009, 5020, 5031, 5042, 5053)
(11569,396,5032, 5043, 5054)
(11581,396,5027, 5016, 5005)
(11664,396,5032, 5043, 5054)
(11672,396,5030, 5041, 5047, 5048, 5054)
(11674,446,5049, 5038, 5033, 5028, 5017)
(11705,446,5030, 5041, 5047, 5053)
(11717,446,5012, 5013, 5019, 5030, 5041, 5047)
(11747,446,5008, 5019, 5030, 5041, 5047, 5053)
(11769,446,5005, 5011, 5012, 5013, 5019, 5030, 5041, 5052)
(11783,446,5049, 5038, 5033, 5028, 5017, 5012, 5013, 5008, 5003)
(11813,446,5020, 5031, 5036, 5041, 5052)
(11817,446,5047, 5041, 5030, 5024, 5018, 5012, 5011, 5005)
(11825,446,5030, 5041, 5047, 5053)
(11836,446,5004, 5003, 5008, 5019, 5030, 5041, 5046, 5051, 5056, 5055)
(11841,511,5032, 5043, 5054)
(11856,511,5030, 5041, 5047, 5048, 5054)
(11880,511,5007, 5012, 5017, 5022, 5027, 5038)
(11911,511,5006, 5012, 5013, 5019, 5030, 5036, 5037)
(11934,511,5027, 5016, 5005)
(11944,511,5059, 5053, 5047, 5041, 5030, 5019, 5014)
(11971,511,5059, 5054, 5043, 5032, 5021, 5010)
(11995,511,5020, 5031, 5036, 5041, 5046, 5051, 5056, 5055)
(12043,511,5027, 5038, 5044, 5050, 5056, 5057, 5058)
(10012,511,5005, 5016, 5027, 5038)
(10043,561,5043, 5032, 5021)
(10060,561,5029, 5018, 5012, 5011, 5005)
(10090,561,5011, 5012, 5013, 5019, 5030, 5041, 5047, 5048, 5054)
(10129,561,5008, 5019, 5030)
(10149,561,5053, 5047, 5041, 5030, 5024, 5023)
(10201,561,5015, 5020, 5031, 5036, 5041, 5046, 5051, 5056, 5055)
(10211,561,5004, 5003, 5008, 5019, 5030, 5041, 5046, 5051)
(10215,561,5019, 5030, 5041, 5047, 5053)
(10225,561,5029, 5035, 5041, 5052)
(10257,561,5049, 5038, 5033, 5028, 5017, 5012, 5007)
(10280,591,5030, 5019, 5008, 5002)
(10304,591,5031, 5042, 5053)
(10317,591,5038, 5033, 5028, 5017, 5012, 5013, 5008, 5003, 5004)
(10346,591,5002, 5008, 5019, 5030, 5041, 5047, 5048)
(10378,591,5030, 5041, 5047, 5053)
(10387,591,5006, 5012, 5013, 5019, 5030, 5036, 5037)
(10408,591,5059, 5053, 5047, 5041, 5030, 5024, 5018)
(10432,591,5006, 5012, 5013, 5019, 5030, 5041, 5047)
(10445,591,5017, 5028, 5039, 5050)
(10467,591,5028, 5017, 5011, 5005)
(10515,621,5028, 5039, 5050)
(10528,621,5038, 5033, 5028, 5017, 5012, 5007)
(10600,621,5030, 5019, 5008)
(10615,621,5028, 5017, 5006)
(10650,621,5038, 5033, 5028, 5017, 5006)
(10652,621,5019, 5030, 5041, 5047, 5048)
(10659,621,5008, 5019, 5030, 5041, 5047)
(10681,621,5049, 5038, 5033, 5028, 5017, 5012)
(10683,621,5011, 5012, 5013, 5019, 5030, 5041, 5047, 5053)
(10742,621,5047, 5041, 5030, 5024, 5018)
(10747,643,5049, 5038, 5033, 5028, 5017, 5012)
(10756,643,5048, 5047, 5041, 5030, 5019, 5008, 5002, 5001)
(10771,643,5031, 5025, 5019, 5008, 5002)
(10773,643,5015, 5020, 5031, 5036, 5041, 5046, 5051, 5056)
(10791,643,5029, 5035, 5041, 5047, 5048, 5054)
(10796,643,5038, 5033, 5028, 5017, 5006)
(10807,643,5015, 5020, 5031, 5036, 5041, 5046, 5051)
(10844,643,5031, 5025, 5024, 5018, 5012, 5011, 5005)
(10850,643,5038, 5033, 5028, 5017, 5012, 5007)
(10917,643,5028, 5039, 5050)
(10926,668,5030, 5024, 5018, 5012, 5011, 5005)
(10973,668,5038, 5027, 5016)
(11010,668,5032, 5021, 5010, 5004)
(11041,668,5041, 5030, 5019, 5008)
(11093,668,5003, 5008, 5019, 5030, 5041)
(11101,668,5018, 5029, 5040, 5051)
(11120,668,5019, 5030, 5041, 5047, 5048, 5054)
(11175,668,5045, 5046, 5041, 5030, 5019, 5008)
(11194,668,5052, 5041, 5030, 5019, 5014, 5015)
(11214,668,5023, 5029, 5040, 5051)
(11241,688,5056, 5051, 5046, 5041, 5030, 5019, 5014)
(11260,688,5007, 5018, 5029, 5040)
(11261,688,5023, 5029, 5040, 5051)
(11289,688,5038, 5027, 5016, 5005)
(11316,688,5009, 5020, 5031, 5042, 5053)
(11332,688,5041, 5030, 5024, 5018, 5012, 5011)
(11361,688,5049, 5038, 5027, 5016, 5005)
(11382,688,5049, 5038, 5033, 5028, 5017, 5012, 5013, 5008)
(11388,688,5028, 5039, 5050)
(11430,688,5032, 5043, 5054)
(11435,710,5048, 5047, 5041, 5030, 5019, 5014)
(11446,710,5047, 5041, 5030, 5024, 5018, 5012)
(11462,710,5045, 5046, 5041, 5030, 5019, 5008, 5003, 5004)
(11510,710,5032, 5021, 5010, 5004)
(11517,710,5007, 5012, 5017, 5022, 5027, 5038)
(11518,710,5012, 5013, 5019, 5030, 5041, 5047, 5053)
(11520,710,5032, 5043, 5054)
(11535,710,5051, 5040, 5029)
(11537,710,5039, 5028, 5017, 5006)
(11562,710,5032, 5043, 5054)
(11616,737,5030, 5019, 5008, 5002)
(11619,737,5008, 5019, 5030, 5041, 5046, 5051)
(11643,737,5049, 5038, 5027)
(11687,737,5027, 5038, 5044, 5050, 5056, 5057, 5058, 5059)
(11697,737,5027, 5038, 5049)
(11699,737,5015, 5020, 5031, 5036, 5041, 5046, 5051, 5056, 5055)
(11700,737,5008, 5019, 5030, 5041, 5046, 5051, 5056)
(11789,737,5046, 5041, 5030, 5019, 5008, 5002)
(11794,737,5040, 5029, 5018, 5012, 5011)
(11819,737,5005, 5011, 5012, 5013, 5019, 5030, 5036)
(11842,767,5059, 5053, 5047, 5041, 5030, 5019, 5008, 5002)
(11850,767,5032, 5043, 5054)
(11869,767,5005, 5011, 5012, 5018, 5029, 5040)
(11870,767,5030, 5019, 5008, 5002)
(11899,767,5040, 5029, 5018, 5012, 5011, 5005)
(11913,767,5047, 5041, 5030, 5019, 5008, 5002, 5001)
(11938,767,5032, 5026, 5025, 5019, 5008)
(11951,767,5059, 5053, 5047, 5041, 5030, 5019, 5008, 5002)
(11959,767,5030, 5041, 5047, 5053)
(11989,767,5049, 5038, 5033, 5028, 5017, 5012)
(11991,792,5027, 5016, 5005)
(12003,792,5030, 5041, 5047, 5053)
(12005,792,5031, 5042, 5053)
(12009,792,5052, 5041, 5030, 5019, 5008, 5002, 5001)
(12020,792,5003, 5008, 5019, 5030, 5041, 5046, 5045)
(12029,792,5006, 5012, 5013, 5019, 5030, 5041, 5052)
(10026,792,5053, 5047, 5041, 5030, 5024, 5023)
(10052,792,5027, 5016, 5005)
(10087,792,5012, 5013, 5019, 5030, 5041, 5052)
(10094,792,5050, 5044, 5038, 5027, 5016)
(10107,814,5032, 5026, 5025, 5019, 5008, 5002, 5001)
(10115,814,5029, 5035, 5041, 5047, 5053)
(10125,814,5019, 5030, 5041, 5052)
(10127,814,5008, 5019, 5030, 5041, 5046, 5045, 5044)
(10137,814,5027, 5038, 5049)
(10158,814,5056, 5051, 5046, 5041, 5030, 5019)
(10184,814,5030, 5019, 5008, 5002, 5001)
(10190,814,5059, 5053, 5047, 5041, 5030, 5019, 5008, 5002)
(10204,814,5004, 5003, 5008, 5019, 5030, 5041, 5052)
(10205,814,5032, 5026, 5025, 5019, 5008, 5002, 5001)
(10232,832,5030, 5041, 5047, 5048, 5054)
(10233,832,5052, 5041, 5030, 5024, 5023)
(10253,832,5050, 5039, 5028)
(10271,832,5052, 5041, 5030, 5024, 5018)
(10300,832,5043, 5032, 5021)
(10318,832,5020, 5031, 5042, 5048, 5054)
(10333,832,5019, 5030, 5041, 5047)
(10337,832,5047, 5041, 5030, 5019)
(10363,832,5012, 5017, 5022, 5027, 5038, 5049)
(10384,832,5047, 5041, 5030, 5019, 5008, 5002)
(10394,843,5018, 5029, 5040)
(10411,843,5032, 5043, 5054)
(10412,843,5053, 5047, 5041, 5030, 5024, 5018, 5012)
(10415,843,5046, 5041, 5030, 5019, 5008)
(10435,843,5032, 5026, 5025, 5019, 5008)
(10464,843,5029, 5018, 5012, 5006)
(10480,843,5052, 5041, 5030, 5019, 5008, 5003)
(10492,843,5009, 5020, 5031, 5042, 5053)
(10499,843,5048, 5047, 5041, 5030, 5019, 5008, 5003)
(10518,843,5038, 5033, 5028, 5017, 5012, 5007)
(10549,859,5030, 5019, 5008)
(10586,859,5029, 5035, 5041, 5047, 5048, 5054)
(10597,859,5002, 5008, 5019, 5030)
(10606,859,5047, 5041, 5030, 5024, 5018, 5012)
(10619,859,5054, 5043, 5032, 5021)
(10620,859,5050, 5039, 5028)
(10626,859,5051, 5046, 5041, 5030, 5019, 5008, 5003)
(10671,859,5027, 5038, 5044, 5050, 5056, 5057, 5058, 5059)
(10687,859,5023, 5029, 5040, 5051)
(10700,859,5038, 5027, 5016)
(10725,875,5013, 5019, 5030, 5041, 5052)
(10744,875,5030, 5041, 5047, 5053)
(10770,875,5006, 5012, 5013, 5019, 5030, 5041, 5047, 5048, 5054)
(10775,875,5031, 5025, 5019, 5008)
(10783,875,5028, 5039, 5050)
(10803,875,5047, 5041, 5030, 5019, 5014)
(10820,875,5043, 5032, 5021, 5010)
(10825,875,5006, 5012, 5018, 5029)
(10835,875,5006, 5012, 5013, 5019, 5030, 5036)
(10836,875,5049, 5038, 5033, 5028, 5017, 5012, 5013, 5008, 5003)
(10894,893,5032, 5026, 5025, 5024, 5018, 5012, 5011, 5005)
(10901,893,5004, 5009, 5020, 5031, 5042)
(10912,893,5031, 5042, 5048, 5054)
(10928,893,5027, 5016, 5005)
(10931,893,5028, 5039, 5050)
(10953,893,5050, 5039, 5028, 5017)
(10965,893,5023, 5029, 5035, 5041, 5052)
(10994,893,5012, 5013, 5019, 5030, 5041, 5047)
(11009,893,5048, 5047, 5041, 5030, 5024, 5018, 5012, 5011)
(11017,893,5046, 5041, 5030, 5019, 5008, 5002)
(11018,913,5015, 5020, 5031, 5042, 5053)
(11044,913,5003, 5008, 5019, 5030, 5041, 5046, 5051, 5056, 5055)
(11057,913,5029, 5018, 5012, 5011, 5005)
(11079,913,5008, 5019, 5030, 5041, 5047, 5048, 5054)
(11116,913,5005, 5011, 5012, 5013, 5019, 5030, 5041, 5047, 5048)
(11163,913,5030, 5041, 5047, 5048, 5054)
(11170,913,5059, 5053, 5047, 5041, 5030, 5019, 5008, 5002)
(11206,913,5008, 5019, 5030)
(11212,913,5051, 5040, 5029)
(11218,913,5023, 5029, 5035, 5041, 5047, 5053)
(11223,931,5030, 5019, 5008, 5002, 5001)
(11225,931,5053, 5047, 5041, 5030, 5019, 5008, 5002)
(11247,931,5019, 5030, 5041)
(11284,931,5028, 5039, 5050)
(11308,931,5004, 5003, 5008, 5019, 5030, 5041, 5046, 5051, 5056, 5055)
(11337,931,5049, 5038, 5033, 5028, 5017, 5012, 5013)
(11350,931,5041, 5030, 5019, 5008, 5003)
(11403,931,5027, 5016, 5005)
(11404,931,5023, 5029, 5035, 5041, 5052)
(11411,931,5029, 5040, 5051)
(11478,952,5011, 5017, 5028, 5039)
(11528,952,5011, 5012, 5013, 5019, 5030, 5041, 5047)
(11590,952,5017, 5028, 5039, 5050)
(11593,952,5020, 5031, 5042, 5048, 5054)
(11659,952,5031, 5042, 5053)
(11689,952,5050, 5044, 5038, 5027)
(11690,952,5030, 5019, 5008, 5002)
(11715,952,5048, 5047, 5041, 5030, 5024, 5018, 5012, 5011, 5005)
(11754,952,5019, 5030, 5041, 5047, 5048, 5054)
(11774,952,5056, 5051, 5040, 5029, 5018)
(11775,970,5039, 5028, 5017)
(11780,970,5045, 5046, 5041, 5030, 5019, 5008)
(11801,970,5013, 5019, 5030, 5041)
(11807,970,5032, 5043, 5054)
(11827,970,5030, 5024, 5018, 5012, 5011, 5005)
(11828,970,5030, 5019, 5008, 5002)
(11837,970,5028, 5017, 5011, 5005)
(11852,970,5006, 5012, 5013, 5019, 5030, 5041, 5047, 5048)
(11857,970,5005, 5011, 5012, 5018, 5029, 5040, 5051)
(11896,970,5021, 5032, 5043)
(11898,985,5038, 5033, 5028, 5017, 5006)
(11916,985,5013, 5019, 5030, 5041, 5047)
(11925,985,5013, 5019, 5030, 5041, 5052)
(11932,985,5030, 5024, 5018, 5012, 5011, 5005)
(11963,985,5030, 5041, 5047, 5053)
(11972,985,5030, 5024, 5018, 5012, 5011, 5005)
(11985,985,5030, 5041, 5047, 5053)
(11993,985,5021, 5032, 5043)
(12000,985,5051, 5040, 5029, 5018, 5012)
(12011,985,5030, 5019, 5008, 5002, 5001)
(12040,998,5029, 5035, 5041, 5052)
(12046,998,5027, 5016, 5005)
(10009,998,5059, 5058, 5057, 5056, 5050, 5044, 5038, 5027, 5016)
(10042,998,5023, 5029, 5035, 5041, 5052)
(10045,998,5008, 5019, 5030, 5041)
(10051,998,5019, 5030, 5041, 5047, 5048)
(10057,998,5045, 5046, 5041, 5030, 5019, 5008)
(10073,998,5028, 5017, 5006)
(10100,998,5018, 5029, 5040)
(10101,998,5020, 5031, 5042, 5048, 5054)
(10106,1058,5011, 5012, 5013, 5019, 5030, 5041, 5047, 5048, 5054)
(10122,1058,5045, 5046, 5041, 5030, 5019, 5008, 5003, 5004)
(10166,1058,5056, 5051, 5046, 5041, 5030, 5019, 5014, 5015)
(10197,1058,5044, 5038, 5027, 5016)
(10210,1058,5041, 5030, 5024, 5018, 5012, 5011)
(10212,1058,5031, 5025, 5019, 5008)
(10224,1058,5051, 5046, 5041, 5030, 5019, 5014, 5015)
(10227,1058,5038, 5033, 5028, 5017, 5012, 5013, 5008)
(10247,1058,5005, 5011, 5017, 5028, 5039, 5050)
(10278,1058,5038, 5033, 5028, 5017, 5012, 5013, 5008)
(10303,1113,5056, 5051, 5046, 5041, 5030, 5019, 5014)
(10321,1113,5041, 5030, 5019)
(10334,1113,5040, 5029, 5018, 5012, 5011, 5005)
(10358,1113,5006, 5017, 5028)
(10379,1113,5007, 5012, 5017, 5028, 5039)
(10392,1113,5019, 5030, 5041, 5052)
(10393,1113,5056, 5050, 5044, 5038, 5027)
(10420,1113,5019, 5030, 5041, 5046, 5051, 5056)
(10436,1113,5041, 5030, 5024, 5018, 5012)
(10437,1113,5008, 5019, 5030, 5036, 5037)
(10482,1153,5027, 5038, 5044, 5050, 5056, 5057, 5058)
(10485,1153,5032, 5043, 5054)
(10489,1153,5027, 5038, 5044, 5050, 5056, 5057, 5058, 5059)
(10516,1153,5011, 5012, 5013, 5019, 5030, 5041, 5047, 5053)
(10521,1153,5059, 5058, 5057, 5056, 5050, 5044, 5038, 5027, 5016, 5005)
(10538,1153,5018, 5029, 5040, 5051)
(10568,1153,5027, 5016, 5005)
(10593,1153,5008, 5019, 5030, 5041, 5046, 5045, 5044)
(10614,1153,5040, 5029, 5018, 5012, 5011)
(10623,1153,5008, 5019, 5030)
(10642,1218,5018, 5029, 5040)
(10668,1218,5028, 5039, 5050)
(10669,1218,5021, 5032, 5043, 5054)
(10723,1218,5049, 5038, 5033, 5028, 5017, 5012, 5013, 5014)
(10731,1218,5048, 5047, 5041, 5030, 5019)
(10736,1218,5020, 5031, 5042, 5048)
(10758,1218,5047, 5041, 5030, 5019, 5008, 5002, 5001)
(10759,1218,5015, 5020, 5031, 5036, 5041, 5052)
(10762,1218,5007, 5018, 5029)
(10778,1218,5031, 5025, 5019, 5008, 5003)
(10795,1268,5030, 5024, 5018, 5012, 5011, 5005)
(10800,1268,5011, 5012, 5018, 5029, 5040)
(10816,1268,5049, 5038, 5027)
(10869,1268,5059, 5058, 5057, 5056, 5050, 5044, 5038, 5027, 5016)
(10890,1268,5059, 5054, 5043, 5032, 5021)
(10891,1268,5010, 5021, 5032, 5043, 5054)
(10896,1268,5005, 5011, 5012, 5018, 5029, 5040, 5051)
(10922,1268,5023, 5029, 5035, 5041, 5052)
(10923,1268,5052, 5041, 5030, 5019, 5008, 5003, 5004)
(10933,1268,5032, 5043, 5054)
(10940,1328,5049, 5038, 5033, 5028, 5017, 5012, 5013, 5008)
(10964,1328,5027, 5016, 5005)
(10980,1328,5011, 5017, 5028, 5039, 5050)
(11028,1328,5030, 5019, 5008, 5002, 5001)
(11036,1328,5049, 5038, 5033, 5028, 5017, 5012, 5013, 5014, 5015)
(11053,1328,5047, 5041, 5030, 5024, 5018, 5012, 5011)
(11069,1328,5051, 5046, 5041, 5030, 5019, 5008, 5003, 5004)
(11077,1328,5027, 5038, 5044, 5050, 5056)
(11123,1328,5029, 5035, 5041, 5047, 5053)
(11140,1328,5004, 5009, 5020, 5031, 5042)
(11159,1388,5011, 5017, 5028, 5039)
(11172,1388,5030, 5041, 5047, 5048, 5054)
(11178,1388,5046, 5041, 5030, 5019, 5008, 5003)
(11184,1388,5005, 5011, 5012, 5013, 5019, 5030, 5041, 5047, 5048, 5054)
(11211,1388,5029, 5040, 5051)
(11215,1388,5013, 5019, 5030, 5041, 5047, 5048)
(11224,1388,5027, 5038, 5044, 5050, 5056, 5057, 5058, 5059)
(11253,1388,5027, 5016, 5005)
(11291,1388,5008, 5019, 5030, 5041)
(11317,1388,5031, 5025, 5019, 5008)
(11318,1443,5049, 5038, 5027)
(11339,1443,5011, 5012, 5013, 5019, 5030, 5041, 5047)
(11341,1443,5023, 5029, 5035, 5041, 5052)
(11353,1443,5053, 5047, 5041, 5030, 5019, 5008, 5002)
(11367,1443,5045, 5046, 5041, 5030, 5019, 5008)
(11372,1443,5031, 5042, 5048, 5054)
(11379,1443,5041, 5030, 5019, 5008, 5003, 5004)
(11418,1443,5056, 5051, 5046, 5041, 5030, 5019)
(11419,1443,5029, 5035, 5041, 5052)
(11439,1443,5011, 5012, 5018, 5029, 5040, 5051)
(11454,1488,5004, 5003, 5008, 5019, 5030, 5041, 5046, 5045, 5044)
(11460,1488,5052, 5041, 5030, 5019, 5008, 5003)
(11468,1488,5019, 5030, 5041, 5046, 5051)
(11470,1488,5008, 5019, 5030, 5041, 5046)
(11475,1488,5019, 5030, 5041, 5046, 5051)
(11496,1488,5059, 5058, 5057, 5056, 5050, 5044, 5038, 5027, 5016, 5005)
(11500,1488,5021, 5032, 5043)
(11538,1488,5004, 5003, 5008, 5019, 5030, 5041, 5046)
(11543,1488,5038, 5033, 5028, 5017, 5012, 5013, 5008, 5003, 5004)
(11544,1488,5030, 5019, 5008, 5002)
(11600,1553,5045, 5046, 5041, 5030, 5019, 5008)
(11606,1553,5002, 5008, 5019, 5030, 5041, 5047, 5048, 5054)
(11636,1553,5032, 5043, 5054)
(11662,1553,5006, 5012, 5013, 5019, 5030, 5041, 5047, 5053)
(11685,1553,5059, 5053, 5047, 5041, 5030, 5024, 5018)
(11707,1553,5011, 5012, 5018, 5029, 5040, 5051)
(11724,1553,5021, 5032, 5043)
(11733,1553,5023, 5029, 5040, 5051)
(11744,1553,5029, 5018, 5007)
(11763,1553,5047, 5041, 5030, 5024, 5018, 5012, 5011)
(11764,1603,5049, 5038, 5033, 5028, 5017, 5012, 5013, 5008)
(11768,1603,5041, 5030, 5019, 5008, 5002, 5001)
(11788,1603,5003, 5008, 5019, 5030, 5041, 5052)
(11802,1603,5032, 5043, 5054)
(11811,1603,5006, 5012, 5018, 5029)
(11822,1603,5023, 5029, 5035, 5041, 5052)
(11832,1603,5027, 5038, 5049)
(11865,1603,5017, 5028, 5039, 5050)
(11873,1603,5030, 5019, 5008, 5002)
(11874,1603,5045, 5046, 5041, 5030, 5019, 5008, 5003)
(11890,1648,5005, 5016, 5027)
(11901,1648,5008, 5019, 5030, 5041, 5046)
(11939,1648,5028, 5017, 5011, 5005)
(11977,1648,5020, 5031, 5042, 5048)
(11980,1648,5032, 5026, 5025, 5019, 5008, 5002, 5001)
(12025,1648,5011, 5012, 5013, 5019, 5030, 5041)
(12031,1648,5004, 5009, 5020, 5031, 5042)
(12034,1648,5044, 5038, 5027, 5016)
(10023,1648,5059, 5054, 5043, 5032, 5021)
(10031,1648,5011, 5012, 5013, 5019, 5030, 5041, 5052)
(10039,1703,5047, 5041, 5030, 5024, 5018)
(10062,1703,5023, 5029, 5040, 5051)
(10080,1703,5008, 5019, 5030, 5036)
(10085,1703,5032, 5021, 5010)
(10095,1703,5028, 5039, 5050)
(10102,1703,5059, 5058, 5057, 5056, 5050, 5044, 5038, 5027, 5016, 5005)
(10104,1703,5045, 5046, 5041, 5030, 5019, 5008, 5003)
(10114,1703,5048, 5047, 5041, 5030, 5024, 5018, 5012)
(10135,1703,5007, 5012, 5017, 5022, 5027, 5038)
(10148,1703,5040, 5029, 5018)
(10152,1735,5059, 5053, 5047, 5041, 5030, 5019, 5014)
(10160,1735,5041, 5030, 5019, 5008, 5003, 5004)
(10163,1735,5041, 5030, 5019, 5008, 5002)
(10188,1735,5005, 5011, 5017, 5028, 5039, 5050)
(10216,1735,5007, 5018, 5029, 5040)
(10237,1735,5030, 5041, 5052)
(10252,1735,5041, 5030, 5019, 5008, 5002)
(10259,1735,5020, 5031, 5036, 5041, 5046, 5051)
(10291,1735,5005, 5011, 5012, 5018, 5029, 5040, 5051)
(10295,1735,5058, 5057, 5056, 5050, 5044, 5038, 5027, 5016, 5005)
(10301,1765,5032, 5043, 5054)
(10307,1765,5012, 5018, 5029, 5040)
(10315,1765,5011, 5012, 5018, 5029, 5040, 5051)
(10320,1765,5030, 5041, 5047, 5053)
(10331,1765,5023, 5029, 5035, 5041, 5052)
(10335,1765,5051, 5040, 5029, 5018, 5012)
(10341,1765,5041, 5030, 5019)
(10345,1765,5041, 5030, 5024, 5018)
(10386,1765,5048, 5047, 5041, 5030, 5019, 5014)
(10400,1765,5032, 5026, 5025, 5019, 5008, 5002, 5001)
(10404,1792,5015, 5020, 5031, 5036, 5041, 5046, 5051, 5056)
(10407,1792,5031, 5025, 5019, 5008)
(10422,1792,5044, 5038, 5027, 5016)
(10434,1792,5020, 5031, 5042, 5048)
(10442,1792,5011, 5012, 5013, 5019, 5030, 5041, 5047, 5048)
(10457,1792,5005, 5011, 5012, 5013, 5019, 5030, 5041, 5047)
(10475,1792,5053, 5047, 5041, 5030, 5019, 5008)
(10481,1792,5057, 5056, 5050, 5044, 5038, 5027, 5016, 5005)
(10508,1792,5029, 5018, 5012, 5011, 5005)
(10524,1792,5030, 5041, 5047, 5048, 5054)
(10546,1817,5019, 5030, 5041, 5046, 5051, 5056, 5055)
(10555,1817,5023, 5029, 5035, 5041, 5052)
(10559,1817,5057, 5056, 5050, 5044, 5038, 5027)
(10564,1817,5028, 5039, 5050)
(10570,1817,5059, 5053, 5047, 5041, 5030, 5024)
(10587,1817,5017, 5022, 5027, 5038, 5049)
(10598,1817,5011, 5012, 5013, 5019, 5030, 5041, 5047)
(10601,1817,5027, 5016, 5005)
(10602,1817,5041, 5030, 5019, 5008, 5003, 5004)
(10607,1817,5038, 5033, 5028, 5017, 5012, 5013, 5008)
(10611,1837,5030, 5041, 5047, 5048, 5054)
(10617,1837,5027, 5038, 5044, 5050, 5056, 5057, 5058, 5059)
(10618,1837,5047, 5041, 5030, 5024, 5018, 5012, 5011, 5005)
(10637,1837,5029, 5040, 5051)
(10649,1837,5005, 5011, 5012, 5013, 5019, 5030, 5041, 5047, 5048, 5054)
(10688,1837,5032, 5021, 5010)
(10703,1837,5023, 5029, 5035, 5041, 5052)
(10704,1837,5030, 5041, 5047, 5048, 5054)
(10706,1837,5038, 5033, 5028, 5017, 5012, 5013, 5008, 5003, 5004)
(10718,1837,5030, 5019, 5008, 5002, 5001)
(10720,1867,5004, 5009, 5020, 5031, 5042, 5053)
(10727,1867,5029, 5018, 5007)
(10745,1867,5041, 5030, 5019, 5008, 5003)
(10752,1867,5008, 5019, 5030, 5036, 5037)
(10754,1867,5030, 5024, 5018, 5012, 5011, 5005)
(10786,1867,5008, 5019, 5030, 5041, 5046, 5045, 5044)
(10792,1867,5003, 5008, 5019, 5030, 5041, 5046, 5045, 5044)
(10811,1867,5032, 5043, 5054)
(10814,1867,5059, 5053, 5042, 5031)
(10839,1867,5027, 5038, 5044, 5050, 5056)
(10870,1892,5047, 5041, 5030, 5019, 5008)
(10873,1892,5032, 5026, 5025, 5019, 5008, 5002, 5001)
(10924,1892,5029, 5018, 5012, 5011, 5005)
(10929,1892,5047, 5041, 5030, 5019, 5008)
(10943,1892,5048, 5047, 5041, 5030, 5019)
(10975,1892,5032, 5026, 5025, 5019, 5008)
(11034,1892,5027, 5016, 5005)
(11056,1892,5027, 5016, 5005)
(11084,1892,5012, 5018, 5029, 5040, 5051)
(11099,1892,5030, 5041, 5047, 5048, 5054)
(11100,1919,5023, 5029, 5040, 5051)
(11107,1919,5031, 5042, 5048, 5054)
(11109,1919,5002, 5008, 5019, 5030, 5036)
(11124,1919,5029, 5018, 5012, 5006)
(11144,1919,5032, 5043, 5054)
(11145,1919,5018, 5029, 5040, 5051)
(11148,1919,5018, 5029, 5040, 5051)
(11161,1919,5030, 5041, 5047, 5048, 5054)
(11181,1919,5011, 5012, 5018, 5029, 5040)
(11203,1919,5007, 5018, 5029)
(11312,1936,5011, 5012, 5018, 5029, 5040, 5051)
(11321,1936,5047, 5041, 5030, 5019, 5008)
(11323,1936,5031, 5025, 5019, 5008)
(11390,1936,5013, 5019, 5030, 5041, 5047, 5053)
(11406,1936,5027, 5038, 5044, 5050, 5056, 5057, 5058)
(11438,1936,5032, 5026, 5025, 5019, 5008, 5002)
(11440,1936,5032, 5043, 5054)
(11463,1936,5032, 5026, 5025, 5019, 5008)
(11536,1936,5048, 5047, 5041, 5030, 5019, 5008, 5003)
(11591,1936,5038, 5033, 5028, 5017, 5012, 5007)
(11599,1958,5031, 5042, 5053)
(11602,1958,5056, 5051, 5046, 5041, 5030, 5019, 5008)
(11617,1958,5006, 5012, 5018, 5029)
(11627,1958,5048, 5047, 5041, 5030, 5019, 5008, 5003)
(11631,1958,5032, 5026, 5025, 5019, 5008, 5002, 5001)
(11640,1958,5030, 5019, 5008)
(11651,1958,5047, 5041, 5030, 5024, 5018, 5012, 5011)
(11669,1958,5009, 5020, 5031, 5037)
(11670,1958,5051, 5040, 5029)
(11679,1958,5010, 5021, 5032, 5043, 5054)
(11698,1985,5041, 5030, 5019)
(11725,1985,5019, 5030, 5041, 5047, 5048, 5054)
(11771,1985,5029, 5018, 5012, 5011, 5005)
(11772,1985,5006, 5012, 5013, 5019, 5030, 5041, 5047, 5053)
(11778,1985,5019, 5030, 5041, 5046, 5051, 5056, 5055)
(11791,1985,5048, 5047, 5041, 5030, 5019, 5008, 5002)
(11793,1985,5017, 5022, 5027, 5038, 5049)
(11821,1985,5048, 5047, 5041, 5030, 5024, 5018, 5012, 5011)
(11824,1985,5049, 5038, 5027, 5016, 5005)
(11826,1985,5021, 5032, 5043)
(11831,2010,5006, 5012, 5013, 5019, 5030)
(11840,2010,5029, 5018, 5012, 5006)
(11859,2010,5012, 5013, 5019, 5030, 5041, 5047)
(11908,2010,5032, 5043, 5054)
(11917,2010,5047, 5041, 5030, 5019, 5008, 5003)
(11947,2010,5015, 5020, 5031, 5036, 5041, 5046, 5051, 5056)
(11962,2010,5059, 5053, 5047, 5041, 5030, 5019, 5008, 5003)
(11973,2010,5056, 5051, 5040, 5029, 5018)
(12030,2010,5002, 5008, 5019, 5030, 5041, 5047, 5048, 5054)
(10010,2010,5008, 5019, 5030, 5041, 5047, 5048, 5054)
(10011,2035,5049, 5038, 5033, 5028, 5017, 5012, 5013)
(10019,2035,5029, 5040, 5051)
(10093,2035,5030, 5024, 5018, 5012, 5011, 5005)
(10138,2035,5004, 5009, 5020, 5031, 5042, 5053)
(10143,2035,5027, 5038, 5044, 5050, 5056)
(10173,2035,5030, 5041, 5052)
(10174,2035,5049, 5038, 5033, 5028, 5017, 5012, 5013, 5008, 5003, 5004)
(10185,2035,5052, 5041, 5030, 5019, 5014, 5015)
(10195,2035,5011, 5012, 5013, 5019, 5030, 5041, 5052)
(10296,2035,5040, 5029, 5018, 5012, 5011, 5005)
(10332,2056,5027, 5038, 5044, 5050)
(10356,2056,5027, 5038, 5044, 5050, 5056, 5057)
(10362,2056,5052, 5041, 5030, 5019, 5014)
(10390,2056,5040, 5029, 5018)
(10410,2056,5020, 5031, 5036, 5041, 5046, 5051)
(10416,2056,5053, 5047, 5041, 5030)
(10440,2056,5027, 5038, 5044, 5050, 5056)
(10449,2056,5020, 5031, 5042, 5053)
(10453,2056,5047, 5041, 5030, 5024, 5018, 5012, 5011)
(10458,2056,5010, 5021, 5032, 5043, 5054)
(10477,2071,5005, 5011, 5012, 5013, 5019, 5030, 5036)
(10478,2071,5052, 5041, 5030, 5019, 5008)
(10490,2071,5045, 5046, 5041, 5030, 5019, 5008)
(10495,2071,5029, 5035, 5041, 5052)
(10507,2071,5051, 5040, 5029)
(10522,2071,5012, 5013, 5019, 5030, 5041, 5047)
(10542,2071,5038, 5033, 5028, 5017, 5012, 5007)
(10562,2071,5011, 5012, 5013, 5019, 5030, 5041, 5047)
(10579,2071,5020, 5031, 5036, 5041, 5046, 5051)
(10589,2071,5045, 5046, 5041, 5030, 5019, 5008)
(10609,2084,5028, 5017, 5011, 5005)
(10658,2084,5032, 5043, 5054)
(10661,2084,5045, 5046, 5041, 5030, 5019, 5008)
(10714,2084,5008, 5019, 5030, 5041, 5047)
(10716,2084,5006, 5012, 5013, 5019, 5030, 5041, 5047, 5048, 5054)
(10734,2084,5011, 5012, 5013, 5019, 5030, 5041)
(10737,2084,5044, 5038, 5027, 5016)
(10740,2084,5004, 5003, 5008, 5019, 5030, 5041)
(10781,2084,5032, 5026, 5025, 5019, 5008, 5002, 5001)
(10832,2084,5039, 5028, 5017, 5012, 5007)
(10846,2102,5043, 5032, 5021, 5010)
(10902,2102,5030, 5024, 5018, 5012, 5011, 5005)
(10925,2102,5029, 5018, 5012, 5011, 5005)
(10939,2102,5043, 5032, 5021)
(10951,2102,5052, 5041, 5030, 5019, 5008, 5003, 5004)
(10968,2102,5050, 5044, 5038, 5027, 5016)
(10977,2102,5007, 5012, 5017, 5028, 5039, 5050)
(10983,2102,5005, 5011, 5012, 5013, 5019, 5030, 5036)
(10989,2102,5030, 5019, 5008, 5002)
(11002,2102,5019, 5030, 5041, 5047, 5053)
(11003,2117,5030, 5019, 5008, 5002)
(11008,2117,5008, 5019, 5030, 5041, 5046)
(11048,2117,5029, 5018, 5007)
(11049,2117,5030, 5041, 5047, 5053)
(11088,2117,5047, 5041, 5030, 5019, 5008, 5003)
(11091,2117,5010, 5021, 5032)
(11115,2117,5059, 5058, 5057, 5056, 5050, 5044, 5038, 5027, 5016, 5005)
(11121,2117,5019, 5030, 5041, 5046, 5051, 5056, 5055)
(11129,2117,5029, 5018, 5012, 5006)
(11219,2117,5002, 5008, 5019, 5030)
(11221,2138,5059, 5053, 5047, 5041, 5030, 5019, 5008)
(11222,2138,5031, 5042, 5048, 5054)
(11271,2138,5011, 5017, 5028, 5039)
(11278,2138,5058, 5057, 5056, 5050, 5044, 5038, 5027)
(11286,2138,5032, 5026, 5025, 5019, 5008)
(11304,2138,5032, 5026, 5025, 5019, 5008)
(11307,2138,5005, 5011, 5012, 5013, 5019, 5030, 5041, 5047, 5053)
(11311,2138,5032, 5043, 5054)
(11348,2138,5051, 5046, 5041, 5030, 5019, 5008, 5003)
(11363,2138,5027, 5016, 5005)
(11365,2154,5032, 5021, 5010, 5004)
(11366,2154,5005, 5011, 5012, 5013, 5019, 5030, 5036, 5037)
(11368,2154,5029, 5018, 5012, 5006)
(11371,2154,5008, 5019, 5030, 5041, 5046, 5045)
(11402,2154,5029, 5018, 5012, 5006)
(11427,2154,5038, 5033, 5028, 5017, 5012, 5007)
(11461,2154,5030, 5019, 5008, 5002, 5001)
(11471,2154,5031, 5025, 5019, 5008, 5003)
(11473,2154,5047, 5041, 5030, 5024, 5018, 5012)
(11508,2154,5020, 5031, 5042, 5053)
(11549,2170,5053, 5047, 5041, 5030)
(11550,2170,5013, 5019, 5030, 5041, 5052)
(11560,2170,5030, 5024, 5018, 5012, 5011, 5005)
(11561,2170,5020, 5031, 5042)
(11571,2170,5039, 5028, 5017)
(11595,2170,5012, 5013, 5019, 5030, 5041, 5052)
(11611,2170,5052, 5041, 5030, 5019, 5008, 5002)
(11615,2170,5020, 5031, 5036, 5041, 5046, 5051, 5056)
(11626,2170,5053, 5047, 5041, 5030, 5019, 5008, 5002)
(11652,2170,5007, 5012, 5017, 5022, 5027, 5038, 5049)
(11654,2185,5015, 5020, 5031, 5036, 5041, 5046, 5051, 5056)
(11714,2185,5005, 5011, 5012, 5013, 5019, 5030, 5041, 5047, 5048)
(11729,2185,5049, 5038, 5027, 5016, 5005)
(11731,2185,5051, 5046, 5041, 5030, 5019, 5008, 5002)
(11745,2185,5053, 5047, 5041, 5030, 5019, 5008)
(11781,2185,5012, 5013, 5019, 5030, 5041, 5047, 5048, 5054)
(11784,2185,5030, 5041, 5052)
(11798,2185,5023, 5029, 5035, 5041, 5052)
(11803,2185,5008, 5019, 5030, 5041, 5047, 5048, 5054)
(11810,2185,5016, 5027, 5038)
(11830,2201,5032, 5026, 5025, 5024, 5018, 5012, 5011, 5005)
(11844,2201,5029, 5018, 5012, 5006)
(11861,2201,5031, 5042, 5053)
(11871,2201,5029, 5035, 5041, 5047, 5048, 5054)
(11889,2201,5032, 5026, 5025, 5019, 5008, 5002)
(11933,2201,5029, 5035, 5041, 5052)
(11937,2201,5053, 5047, 5041, 5030, 5019, 5008, 5002)
(11975,2201,5032, 5026, 5025, 5024, 5018, 5012, 5011, 5005)
(12027,2201,5019, 5030, 5041, 5046, 5051, 5056)
(10003,2201,5005, 5011, 5012, 5013, 5019, 5030, 5041)
(10024,2236,5048, 5047, 5041, 5030, 5024, 5018)
(10025,2236,5052, 5041, 5030, 5019, 5008, 5003, 5004)
(10054,2236,5049, 5038, 5033, 5028, 5017)
(10068,2236,5047, 5041, 5030, 5024, 5018, 5012, 5011)
(10077,2236,5050, 5039, 5028, 5017, 5006)
(10131,2236,5059, 5053, 5047, 5041, 5030, 5024, 5018, 5012)
(10133,2236,5008, 5019, 5030, 5036, 5037)
(10161,2236,5030, 5041, 5047, 5048, 5054)
(10191,2236,5007, 5012, 5017, 5028, 5039, 5050)
(10245,2236,5031, 5042, 5053)
(10248,2291,5017, 5028, 5039, 5050)
(10254,2291,5021, 5032, 5043, 5054)
(10260,2291,5056, 5050, 5044, 5038, 5027)
(10308,2291,5009, 5020, 5031, 5037)
(10351,2291,5019, 5030, 5041, 5047, 5048)
(10361,2291,5012, 5013, 5019, 5030, 5041, 5047, 5048, 5054)
(10372,2291,5028, 5017, 5006)
(10417,2291,5031, 5042, 5048, 5054)
(10423,2291,5006, 5012, 5018, 5029, 5040, 5051)
(10430,2291,5051, 5040, 5029, 5023)
(10433,2336,5008, 5019, 5030, 5041, 5046, 5045)
(10462,2336,5027, 5038, 5044, 5050)
(10466,2336,5041, 5030, 5019)
(10472,2336,5052, 5041, 5030, 5024, 5018)
(10526,2336,5015, 5020, 5031, 5042, 5053)
(10534,2336,5011, 5012, 5013, 5019, 5030, 5041)
(10537,2336,5008, 5019, 5030, 5041, 5046, 5051)
(10547,2336,5005, 5011, 5012, 5013, 5019, 5030, 5036)
(10551,2336,5047, 5041, 5030, 5019, 5014)
(10567,2336,5005, 5011, 5012, 5013, 5019, 5030, 5036, 5037)
(10571,2386,5006, 5017, 5028)
(10578,2386,5038, 5033, 5028, 5017, 5006)
(10592,2386,5008, 5019, 5030, 5041, 5046, 5051)
(10595,2386,5031, 5025, 5019, 5008, 5002)
(10613,2386,5052, 5041, 5030, 5019, 5014)
(10643,2386,5045, 5046, 5041, 5030, 5019, 5008, 5003, 5004)
(10663,2386,5029, 5018, 5012, 5006)
(10673,2386,5059, 5058, 5057, 5056, 5050, 5044, 5038, 5027, 5016, 5005)
(10701,2386,5028, 5017, 5006)
(10721,2386,5038, 5033, 5028, 5017, 5012, 5013, 5008)
(10732,2451,5013, 5019, 5030, 5041, 5047, 5053)
(10763,2451,5007, 5012, 5017, 5022, 5027, 5038, 5049)
(10813,2451,5050, 5044, 5038, 5027)
(10840,2451,5010, 5021, 5032, 5043, 5054)
(10879,2451,5032, 5026, 5025, 5019, 5008, 5002, 5001)
(10889,2451,5004, 5003, 5008, 5019, 5030, 5041, 5046, 5045)
(10899,2451,5038, 5033, 5028, 5017, 5012, 5013, 5008)
(10909,2451,5004, 5009, 5020, 5031, 5042)
(10915,2451,5027, 5038, 5044, 5050)
(10937,2451,5004, 5003, 5008, 5019, 5030, 5041, 5046, 5045)
(10941,2506,5013, 5019, 5030, 5041)
(10967,2506,5008, 5019, 5030, 5041, 5046, 5051)
(10990,2506,5032, 5043, 5054)
(10993,2506,5032, 5043, 5054)
(11045,2506,5003, 5008, 5019, 5030, 5041)
(11054,2506,5021, 5032, 5043)
(11059,2506,5030, 5019, 5008)
(11089,2506,5019, 5030, 5041, 5052)
(11090,2506,5032, 5043, 5054)
(11105,2506,5028, 5017, 5006)
(11118,2536,5015, 5020, 5031, 5042, 5053)
(11147,2536,5051, 5040, 5029)
(11185,2536,5020, 5031, 5036, 5041, 5046, 5051)
(11199,2536,5006, 5012, 5018, 5029, 5040, 5051)
(11200,2536,5029, 5035, 5041, 5047, 5053)
(11204,2536,5029, 5035, 5041, 5047, 5053)
(11226,2536,5041, 5030, 5019)
(11287,2536,5032, 5043, 5054)
(11299,2536,5032, 5043, 5054)
(11300,2536,5051, 5046, 5041, 5030, 5019, 5014, 5015)
(11313,2581,5013, 5019, 5030, 5041, 5047, 5048)
(11378,2581,5045, 5046, 5041, 5030, 5019, 5008, 5003, 5004)
(11384,2581,5010, 5021, 5032, 5043)
(11392,2581,5046, 5041, 5030, 5019, 5008, 5003)
(11417,2581,5038, 5033, 5028, 5017, 5012, 5013, 5008)
(11420,2581,5006, 5012, 5013, 5019, 5030, 5041, 5047, 5048)
(11432,2581,5038, 5027, 5016)
(11433,2581,5041, 5030, 5019, 5008, 5003, 5004)
(11443,2581,5030, 5019, 5008)
(11448,2581,5028, 5017, 5011, 5005)
(11490,2636,5032, 5043, 5054)
(11515,2636,5015, 5020, 5031, 5042, 5053)
(11540,2636,5019, 5030, 5041, 5052)
(11553,2636,5046, 5041, 5030, 5019, 5008, 5003)
(11575,2636,5015, 5020, 5031, 5036, 5041, 5046, 5051, 5056, 5055)
(11586,2636,5028, 5017, 5011, 5005)
(11694,2636,5031, 5025, 5024, 5018, 5012, 5011, 5005)
(11712,2636,5027, 5038, 5044, 5050)
(11721,2636,5046, 5041, 5030, 5019, 5008, 5003)
(11735,2636,5047, 5041, 5030, 5019, 5008)
(11748,2696,5028, 5017, 5006)
(11750,2696,5017, 5028, 5039)
(11805,2696,5045, 5046, 5041, 5030, 5019, 5008, 5003, 5004)
(11809,2696,5028, 5017, 5006)
(11834,2696,5027, 5038, 5044, 5050, 5056, 5057, 5058, 5059)
(11849,2696,5049, 5038, 5033, 5028, 5017, 5012, 5013)
(11862,2696,5015, 5020, 5031, 5036, 5041, 5052)
(11866,2696,5012, 5013, 5019, 5030, 5041, 5047, 5048)
(11879,2696,5029, 5018, 5007)
(11927,2696,5023, 5029, 5035, 5041, 5047, 5048, 5054)
(11929,2751,5030, 5041, 5047, 5048, 5054)
(11943,2751,5020, 5031, 5042, 5053)
(11956,2751,5048, 5047, 5041, 5030, 5024, 5018)
(11957,2751,5015, 5020, 5031, 5036, 5041, 5046, 5051)
(11990,2751,5006, 5012, 5013, 5019, 5030, 5041, 5047)
(12018,2751,5004, 5003, 5008, 5019, 5030, 5041)
(10000,2751,5006, 5017, 5022, 5027, 5038, 5049)
(10007,2751,5047, 5041, 5030, 5019, 5008)
(10014,2751,5020, 5031, 5042)
(10030,2751,5006, 5012, 5013, 5019, 5030, 5041, 5052)
(10035,2796,5005, 5011, 5012, 5018, 5029)
(10089,2796,5049, 5038, 5033, 5028, 5017, 5012, 5013, 5014, 5015)
(10103,2796,5050, 5044, 5038, 5027, 5016, 5005)
(10117,2796,5006, 5012, 5013, 5019, 5030, 5041, 5047)
(10123,2796,5030, 5024, 5018, 5012, 5011, 5005)
(10150,2796,5010, 5021, 5032, 5043)
(10159,2796,5043, 5032, 5021)
(10164,2796,5045, 5046, 5041, 5030, 5019, 5008, 5003, 5004)
(10193,2796,5030, 5019, 5008, 5002, 5001)
(10218,2796,5032, 5021, 5010)
(10241,2826,5044, 5038, 5027, 5016, 5005)
(10244,2826,5027, 5038, 5044, 5050)
(10246,2826,5006, 5017, 5028)
(10251,2826,5029, 5018, 5007)
(10255,2826,5006, 5012, 5013, 5019, 5030, 5036)
(10265,2826,5053, 5047, 5041, 5030, 5019)
(10267,2826,5030, 5024, 5018, 5012, 5011, 5005)
(10290,2826,5043, 5032, 5021)
(10355,2826,5056, 5051, 5046, 5041, 5030, 5019, 5008, 5002)
(10376,2826,5046, 5041, 5030, 5019, 5008, 5003)
(10377,2848,5005, 5011, 5017, 5028)
(10413,2848,5032, 5043, 5054)
(10427,2848,5012, 5013, 5019, 5030, 5041, 5047, 5053)
(10447,2848,5040, 5029, 5018, 5012, 5011)
(10461,2848,5041, 5030, 5019, 5008, 5003, 5004)
(10506,2848,5020, 5031, 5042, 5053)
(10541,2848,5056, 5050, 5044, 5038, 5027, 5016, 5005)
(10558,2848,5048, 5047, 5041, 5030, 5019)
(10569,2848,5019, 5030, 5041, 5046, 5051)
(10605,2848,5029, 5018, 5007)
(10636,2870,5028, 5017, 5006)
(10696,2870,5053, 5047, 5041, 5030, 5019, 5014)
(10705,2870,5031, 5025, 5019, 5008, 5003)
(10709,2870,5031, 5025, 5019, 5008, 5003)
(10726,2870,5011, 5012, 5018, 5029, 5040, 5051)
(10730,2870,5031, 5042, 5048, 5054)
(10735,2870,5027, 5038, 5044, 5050, 5056, 5057, 5058)
(10769,2870,5040, 5029, 5018, 5012, 5006)
(10828,2870,5004, 5009, 5020, 5031, 5042)
(10847,2870,5005, 5011, 5012, 5013, 5019, 5030, 5041, 5052)
(10861,2892,5038, 5033, 5028, 5017, 5012, 5013, 5008)
(10865,2892,5053, 5047, 5041, 5030)
(10871,2892,5027, 5038, 5044, 5050, 5056, 5057, 5058, 5059)
(10881,2892,5007, 5018, 5029)
(10903,2892,5039, 5028, 5017, 5012, 5007)
(10936,2892,5030, 5041, 5047, 5053)
(10950,2892,5028, 5017, 5006)
(10958,2892,5047, 5041, 5030, 5019, 5008, 5002, 5001)
(10984,2892,5056, 5051, 5046, 5041, 5030, 5019, 5008, 5002)
(11000,2892,5006, 5012, 5013, 5019, 5030, 5041, 5047, 5048)
(11001,2917,5016, 5027, 5038, 5049)
(11022,2917,5008, 5019, 5030, 5036, 5037)
(11037,2917,5005, 5011, 5012, 5013, 5019, 5030, 5041, 5052)
(11050,2917,5050, 5039, 5028)
(11066,2917,5006, 5012, 5018, 5029)
(11096,2917,5031, 5042, 5053)
(11102,2917,5031, 5042, 5048, 5054)
(11104,2917,5029, 5040, 5051)
(11141,2917,5030, 5019, 5008, 5002, 5001)
(11146,2917,5027, 5038, 5044, 5050, 5056, 5057, 5058, 5059)
(11149,2942,5050, 5039, 5028)
(11156,2942,5028, 5017, 5006)
(11234,2942,5059, 5058, 5057, 5056, 5050, 5044, 5038, 5027, 5016)
(11237,2942,5007, 5012, 5017, 5022, 5027, 5038)
(11239,2942,5044, 5038, 5027, 5016)
(11240,2942,5023, 5029, 5035, 5041, 5052)
(11266,2942,5057, 5056, 5050, 5044, 5038, 5027)
(11275,2942,5006, 5012, 5013, 5019, 5030, 5041, 5047, 5048, 5054)
(11276,2942,5020, 5031, 5042, 5048)
(11281,2942,5027, 5038, 5044, 5050, 5056, 5057, 5058)
(11309,2972,5032, 5043, 5054)
(11322,2972,5032, 5043, 5054)
(11352,2972,5030, 5041, 5047, 5048, 5054)
(11370,2972,5048, 5047, 5041, 5030, 5024, 5018, 5012, 5011, 5005)
(11375,2972,5004, 5003, 5008, 5019, 5030, 5041, 5046, 5051)
(11389,2972,5049, 5038, 5033, 5028, 5017, 5006)
(11414,2972,5030, 5024, 5018, 5012, 5011, 5005)
(11422,2972,5021, 5032, 5043, 5054)
(11424,2972,5006, 5012, 5018, 5029, 5040, 5051)
(11447,2972,5010, 5021, 5032, 5043)
(11505,2999,5017, 5028, 5039)
(11514,2999,5003, 5008, 5019, 5030, 5041, 5046, 5045, 5044)
(11529,2999,5027, 5038, 5044, 5050, 5056, 5057, 5058, 5059)
(11533,2999,5027, 5038, 5044, 5050, 5056, 5057, 5058, 5059)
(11555,2999,5032, 5043, 5054)
(11566,2999,5028, 5017, 5006)
(11592,2999,5027, 5016, 5005)
(11601,2999,5028, 5017, 5006)
(11603,2999,5039, 5028, 5017)
(11609,2999,5052, 5041, 5030, 5019)
(11620,3024,5041, 5030, 5019, 5008, 5003)
(11635,3024,5006, 5012, 5013, 5019, 5030, 5041, 5047, 5053)
(11637,3024,5031, 5025, 5019, 5008)
(11648,3024,5050, 5039, 5028, 5017)
(11663,3024,5032, 5043, 5054)
(11666,3024,5040, 5029, 5018, 5012)
(11677,3024,5043, 5032, 5021)
(11691,3024,5011, 5012, 5013, 5019, 5030, 5041)
(11708,3024,5011, 5017, 5028, 5039)
(11710,3024,5019, 5030, 5041, 5046, 5051, 5056, 5055)
(11726,3049,5027, 5038, 5049)
(11751,3049,5041, 5030, 5019, 5008, 5003)
(11766,3049,5006, 5012, 5013, 5019, 5030, 5041, 5047, 5053)
(11773,3049,5007, 5018, 5029)
(11790,3049,5038, 5033, 5028, 5017, 5012, 5013, 5008, 5003)
(11829,3049,5011, 5017, 5028, 5039, 5050)
(11848,3049,5017, 5022, 5027, 5038, 5049)
(11867,3049,5059, 5053, 5047, 5041, 5030, 5024, 5023)
(11900,3049,5027, 5038, 5049)
(11903,3049,5020, 5031, 5042, 5048, 5054)
(11928,3074,5040, 5029, 5018, 5012)
(11968,3074,5031, 5025, 5024, 5018, 5012, 5011, 5005)
(11981,3074,5027, 5038, 5044, 5050, 5056)
(11986,3074,5004, 5003, 5008, 5019, 5030, 5041, 5046, 5051, 5056)
(11992,3074,5002, 5008, 5019, 5030, 5041, 5047, 5048)
(12004,3074,5048, 5043, 5032, 5021, 5010)
(12010,3074,5031, 5042, 5053)
(12012,3074,5006, 5012, 5013, 5019, 5030, 5041, 5052)
(12015,3074,5031, 5042, 5053)
(12022,3074,5011, 5012, 5013, 5019, 5030, 5041, 5047, 5048)
(12038,3101,5002, 5008, 5019, 5030, 5041, 5047, 5048)
(10028,3101,5047, 5041, 5030, 5019, 5008, 5002, 5001)
(10029,3101,5007, 5012, 5017, 5022, 5027, 5038)
(10033,3101,5027, 5016, 5005)
(10048,3101,5047, 5041, 5030, 5019, 5008)
(10058,3101,5023, 5029, 5035, 5041, 5047, 5048, 5054)
(10074,3101,5045, 5046, 5041, 5030, 5019, 5008)
(10121,3101,5013, 5019, 5030, 5041)
(10132,3101,5020, 5031, 5042)
(10181,3101,5056, 5051, 5046, 5041, 5030, 5019, 5014, 5015)
(10238,3121,5020, 5031, 5036, 5041, 5046, 5051)
(10282,3121,5003, 5008, 5019, 5030, 5041, 5046, 5051, 5056)
(10316,3121,5023, 5029, 5035, 5041, 5047, 5048, 5054)
(10328,3121,5053, 5047, 5041, 5030, 5024, 5023)
(10329,3121,5041, 5030, 5019, 5008, 5002, 5001)
(10339,3121,5006, 5012, 5013, 5019, 5030, 5036, 5037)
(10348,3121,5027, 5016, 5005)
(10397,3121,5008, 5019, 5030, 5041, 5047)
(10403,3121,5038, 5033, 5028, 5017, 5012, 5007)
(10486,3121,5032, 5021, 5010)
(10514,3137,5019, 5030, 5041, 5046, 5051)
(10519,3137,5032, 5043, 5054)
(10525,3137,5053, 5047, 5041, 5030, 5024, 5018, 5012)
(10535,3137,5059, 5053, 5047, 5041, 5030, 5019, 5008, 5002)
(10582,3137,5030, 5019, 5008, 5002)
(10585,3137,5027, 5038, 5044, 5050)
(10590,3137,5029, 5018, 5007)
(10594,3137,5044, 5038, 5027, 5016)
(10596,3137,5012, 5018, 5029, 5040, 5051)
(10624,3137,5029, 5035, 5041, 5047, 5053)
(10634,3153,5012, 5013, 5019, 5030, 5041, 5047, 5048, 5054)
(10646,3153,5020, 5031, 5036, 5041, 5046, 5051, 5056)
(10657,3153,5052, 5041, 5030, 5019, 5014)
(10662,3153,5031, 5025, 5019, 5008, 5003)
(10686,3153,5041, 5030, 5019, 5008, 5002, 5001)
(10695,3153,5052, 5041, 5030, 5019, 5008, 5002)
(10722,3153,5015, 5020, 5031, 5036, 5041, 5046, 5051)
(10749,3153,5053, 5047, 5041, 5030)
(10753,3153,5008, 5019, 5030, 5041, 5052)
(10767,3153,5041, 5030, 5019, 5008, 5002, 5001)
(10774,3168,5005, 5011, 5017, 5028, 5039, 5050)
(10785,3168,5029, 5018, 5012, 5011, 5005)
(10806,3168,5030, 5041, 5047, 5048, 5054)
(10841,3168,5047, 5041, 5030, 5019)
(10858,3168,5006, 5012, 5013, 5019, 5030, 5036, 5037)
(10864,3168,5032, 5043, 5054)
(10867,3168,5029, 5018, 5007)
(10916,3168,5021, 5032, 5043, 5054)
(10918,3168,5029, 5040, 5051)
(10944,3168,5030, 5041, 5047, 5048, 5054)
(10969,3184,5051, 5040, 5029, 5018, 5012, 5006)
(10970,3184,5056, 5051, 5046, 5041, 5030, 5019)
(10971,3184,5032, 5021, 5010, 5004)
(10982,3184,5012, 5013, 5019, 5030, 5041, 5047, 5053)
(10996,3184,5029, 5018, 5007)
(10999,3184,5020, 5031, 5042, 5048)
(11006,3184,5031, 5042, 5053)
(11016,3184,5041, 5030, 5019, 5008)
(11114,3184,5030, 5041, 5047, 5048, 5054)
(11133,3184,5019, 5030, 5041, 5046, 5051, 5056)
(11142,3199,5059, 5053, 5047, 5041, 5030, 5019, 5014)
(11160,3199,5059, 5053, 5047, 5041, 5030, 5019, 5008)
(11169,3199,5049, 5038, 5033, 5028, 5017, 5012, 5013, 5008, 5003, 5004)
(11193,3199,5019, 5030, 5041, 5047, 5048, 5054)
(11201,3199,5027, 5016, 5005)
(11208,3199,5049, 5038, 5033, 5028, 5017, 5012)
(11235,3199,5023, 5029, 5040, 5051)
(11238,3199,5031, 5025, 5019, 5008, 5003)
(11246,3199,5040, 5029, 5018, 5012, 5011, 5005)
(11301,3199,5044, 5038, 5027, 5016)
(11306,3220,5050, 5039, 5028)
(11338,3220,5015, 5020, 5031, 5036, 5041, 5052)
(11359,3220,5059, 5054, 5043, 5032, 5021)
(11381,3220,5058, 5057, 5056, 5050, 5044, 5038, 5027, 5016, 5005)
(11383,3220,5015, 5020, 5031, 5042, 5053)
(11413,3220,5041, 5030, 5024, 5018, 5012)
(11416,3220,5051, 5046, 5041, 5030, 5019, 5014, 5015)
(11425,3220,5032, 5026, 5025, 5019, 5008)
(11434,3220,5032, 5043, 5054)
(11455,3220,5041, 5030, 5019, 5008, 5002)
(11464,3240,5007, 5018, 5029, 5040, 5051)
(11474,3240,5016, 5027, 5038)
(11483,3240,5047, 5041, 5030, 5024, 5018)
(11491,3240,5009, 5020, 5031, 5042, 5048, 5054)
(11494,3240,5029, 5035, 5041, 5047, 5053)
(11541,3240,5048, 5047, 5041, 5030, 5024, 5018, 5012)
(11548,3240,5051, 5040, 5029, 5018)
(11558,3240,5018, 5029, 5040, 5051)
(11587,3240,5015, 5020, 5031, 5036, 5041, 5052)
(11589,3240,5032, 5026, 5025, 5019, 5008, 5002, 5001)
(11661,3258,5056, 5050, 5044, 5038, 5027)
(11668,3258,5015, 5020, 5031, 5036, 5041, 5046, 5051, 5056, 5055)
(11680,3258,5031, 5042, 5048, 5054)
(11716,3258,5029, 5035, 5041, 5047, 5053)
(11720,3258,5006, 5012, 5013, 5019, 5030, 5041)
(11734,3258,5029, 5018, 5007)
(11753,3258,5027, 5038, 5044, 5050, 5056, 5057, 5058)
(11762,3258,5006, 5012, 5013, 5019, 5030, 5041)
(11776,3258,5007, 5018, 5029, 5040)
(11782,3258,5032, 5026, 5025, 5019, 5008, 5002, 5001)
(11815,3278,5004, 5003, 5008, 5019, 5030, 5041, 5046, 5045, 5044)
(11816,3278,5049, 5038, 5033, 5028, 5017, 5006)
(11843,3278,5023, 5029, 5035, 5041, 5047, 5048, 5054)
(11875,3278,5029, 5040, 5051)
(11894,3278,5040, 5029, 5018, 5012, 5011)
(11910,3278,5007, 5018, 5029, 5040)
(11921,3278,5047, 5041, 5030, 5024, 5018, 5012, 5011, 5005)
(11946,3278,5031, 5042, 5048, 5054)
(11979,3278,5048, 5043, 5032, 5021, 5010)
(11998,3278,5030, 5041, 5052)
(12001,3298,5005, 5011, 5012, 5013, 5019, 5030, 5041)
(12002,3298,5030, 5019, 5008, 5002, 5001)
(12007,3298,5010, 5021, 5032, 5043)
(12024,3298,5030, 5019, 5008, 5002)
(12026,3298,5040, 5029, 5018, 5012, 5006)
(12037,3298,5029, 5018, 5007)
(10016,3298,5050, 5039, 5028, 5017)
(10018,3298,5021, 5032, 5043)
(10044,3298,5003, 5008, 5019, 5030, 5041, 5046, 5051, 5056, 5055)
(10078,3298,5048, 5047, 5041, 5030, 5019, 5008, 5003)
(10084,3353,5052, 5041, 5030, 5019, 5008, 5002)
(10109,3353,5019, 5030, 5041, 5047, 5048)
(10116,3353,5029, 5018, 5012, 5006)
(10119,3353,5049, 5038, 5033, 5028, 5017, 5012, 5013, 5008, 5003)
(10145,3353,5040, 5029, 5018, 5012, 5006)
(10236,3353,5050, 5039, 5028, 5017)
(10239,3353,5051, 5046, 5041, 5030, 5019, 5008, 5003, 5004)
(10261,3353,5031, 5042, 5053)
(10268,3353,5005, 5011, 5012, 5013, 5019, 5030, 5036, 5037)
(10294,3353,5051, 5040, 5029, 5018)
(10313,3408,5027, 5038, 5044, 5050, 5056)
(10326,3408,5056, 5050, 5044, 5038, 5027)
(10343,3408,5008, 5019, 5030)
(10344,3408,5031, 5025, 5024, 5018, 5012, 5011, 5005)
(10350,3408,5052, 5041, 5030, 5019)
(10359,3408,5053, 5047, 5041, 5030, 5024, 5023)
(10364,3408,5007, 5012, 5017, 5022, 5027, 5038, 5049)
(10367,3408,5005, 5011, 5012, 5013, 5019, 5030, 5036)
(10370,3408,5047, 5041, 5030, 5024, 5018, 5012)
(10452,3408,5013, 5019, 5030, 5041, 5047, 5048, 5054)
(10473,3458,5059, 5053, 5042, 5031)
(10474,3458,5030, 5041, 5052)
(10493,3458,5007, 5018, 5029, 5040, 5051)
(10530,3458,5029, 5040, 5051)
(10543,3458,5051, 5046, 5041, 5030, 5019, 5008, 5003, 5004)
(10548,3458,5008, 5019, 5030, 5041, 5046, 5045)
(10575,3458,5006, 5017, 5022, 5027, 5038, 5049)
(10580,3458,5009, 5020, 5031, 5042, 5048)
(10599,3458,5006, 5012, 5013, 5019, 5030, 5041, 5047, 5048)
(10630,3458,5002, 5008, 5019, 5030)
(10631,3508,5054, 5043, 5032, 5021)
(10633,3508,5006, 5012, 5013, 5019, 5030, 5041, 5052)
(10645,3508,5053, 5047, 5041, 5030, 5019)
(10682,3508,5019, 5030, 5041)
(10693,3508,5059, 5058, 5057, 5056, 5050, 5044, 5038, 5027)
(10702,3508,5029, 5035, 5041, 5047, 5053)
(10757,3508,5002, 5008, 5019, 5030, 5041, 5047)
(10768,3508,5006, 5017, 5028)
(10780,3508,5008, 5019, 5030, 5041, 5046, 5045)
(10793,3508,5031, 5025, 5019, 5008, 5002)
(10802,3558,5059, 5053, 5042, 5031)
(10819,3558,5027, 5038, 5044, 5050, 5056, 5057, 5058)
(10830,3558,5031, 5025, 5019, 5008, 5002, 5001)
(10842,3558,5032, 5043, 5054)
(10848,3558,5032, 5043, 5054)
(10856,3558,5005, 5011, 5017, 5028, 5039, 5050)
(10862,3558,5029, 5035, 5041, 5047, 5053)
(10880,3558,5041, 5030, 5019, 5008, 5003, 5004)
(10885,3558,5048, 5047, 5041, 5030, 5019, 5008, 5002)
(10913,3558,5047, 5041, 5030, 5019, 5008, 5002, 5001)
(10914,3603,5023, 5029, 5035, 5041, 5047, 5048, 5054)
(10932,3603,5006, 5017, 5022, 5027, 5038)
(10945,3603,5008, 5019, 5030, 5041, 5047, 5053)
(10962,3603,5004, 5003, 5008, 5019, 5030, 5041, 5046, 5051, 5056)
(11020,3603,5030, 5019, 5008, 5002, 5001)
(11032,3603,5004, 5003, 5008, 5019, 5030, 5041, 5046, 5051)
(11047,3603,5012, 5013, 5019, 5030, 5041, 5047, 5053)
(11063,3603,5006, 5012, 5013, 5019, 5030, 5041)
(11073,3603,5031, 5025, 5019, 5008, 5003)
(11076,3603,5049, 5038, 5027, 5016, 5005)
(11083,3658,5015, 5020, 5031, 5036, 5041, 5046, 5051, 5056, 5055)
(11095,3658,5049, 5038, 5027, 5016)
(11154,3658,5005, 5011, 5012, 5018, 5029)
(11162,3658,5006, 5017, 5028, 5039)
(11166,3658,5047, 5041, 5030, 5019, 5008, 5002)
(11177,3658,5041, 5030, 5019, 5008, 5002)
(11191,3658,5012, 5018, 5029, 5040, 5051)
(11254,3658,5028, 5017, 5011, 5005)
(11272,3658,5031, 5025, 5019, 5008, 5002, 5001)
(11290,3658,5004, 5009, 5020, 5031, 5042, 5053)
(11292,3718,5015, 5020, 5031, 5036, 5041, 5046, 5051, 5056)
(11344,3718,5023, 5029, 5035, 5041, 5047, 5048, 5054)
(11354,3718,5011, 5012, 5018, 5029, 5040, 5051)
(11394,3718,5031, 5042, 5053)
(11400,3718,5007, 5012, 5017, 5028, 5039)
(11421,3718,5018, 5029, 5040, 5051)
(11426,3718,5008, 5019, 5030, 5041, 5047)
(11428,3718,5049, 5038, 5033, 5028, 5017, 5012, 5013, 5008)
(11452,3718,5056, 5051, 5046, 5041, 5030, 5019, 5008, 5002)
(11458,3718,5053, 5047, 5041, 5030, 5019)
(11502,3768,5028, 5039, 5050)
(11506,3768,5016, 5027, 5038)
(11532,3768,5002, 5008, 5019, 5030, 5041, 5047, 5048, 5054)
(11564,3768,5019, 5030, 5041, 5046, 5051, 5056)
(11572,3768,5047, 5041, 5030, 5019, 5008, 5003)
(11576,3768,5013, 5019, 5030, 5041, 5052)
(11577,3768,5030, 5041, 5047, 5048, 5054)
(11597,3768,5028, 5017, 5006)
(11598,3768,5015, 5020, 5031, 5036, 5041, 5046, 5051, 5056, 5055)
(11604,3768,5039, 5028, 5017, 5012, 5007)
(11605,3828,5003, 5008, 5019, 5030, 5041, 5046)
(11629,3828,5010, 5021, 5032, 5043, 5054)
(11632,3828,5030, 5041, 5047, 5053)
(11642,3828,5053, 5047, 5041, 5030, 5019, 5008, 5002)
(11646,3828,5047, 5041, 5030, 5019, 5008, 5002, 5001)
(11665,3828,5027, 5038, 5044, 5050, 5056, 5057, 5058, 5059)
(11686,3828,5012, 5013, 5019, 5030, 5041, 5047)
(11693,3828,5003, 5008, 5019, 5030, 5041, 5046, 5051, 5056, 5055)
(11718,3828,5047, 5041, 5030, 5024, 5018, 5012, 5011)
(11770,3828,5018, 5029, 5040, 5051)
(11787,3883,5052, 5041, 5030, 5024)
(11838,3883,5047, 5041, 5030, 5024, 5018, 5012)
(11864,3883,5019, 5030, 5041, 5047, 5048)
(11868,3883,5027, 5016, 5005)
(11877,3883,5020, 5031, 5042)
(11884,3883,5059, 5053, 5047, 5041, 5030, 5024, 5023)
(11906,3883,5015, 5020, 5031, 5036, 5041, 5046, 5051)
(11926,3883,5048, 5047, 5041, 5030, 5024, 5018, 5012, 5011)
(11941,3883,5019, 5030, 5041, 5052)
(11942,3883,5029, 5035, 5041, 5047, 5053)
(11955,3933,5012, 5018, 5029, 5040)
(11969,3933,5059, 5058, 5057, 5056, 5050, 5044, 5038, 5027, 5016)
(11999,3933,5052, 5041, 5030, 5024, 5023)
(10034,3933,5007, 5012, 5017, 5022, 5027, 5038)
(10047,3933,5027, 5038, 5044, 5050, 5056, 5057)
(10050,3933,5053, 5047, 5041, 5030, 5019, 5008, 5002, 5001)
(10061,3933,5009, 5020, 5031)
(10067,3933,5019, 5030, 5041, 5052)
(10081,3933,5028, 5017, 5011, 5005)
(10118,3933,5029, 5035, 5041, 5047, 5053)
(10120,3993,5052, 5041, 5030, 5019, 5008, 5003)
(10128,3993,5029, 5035, 5041, 5052)
(10147,3993,5006, 5012, 5013, 5019, 5030, 5041, 5047, 5053)
(10167,3993,5031, 5042, 5053)
(10187,3993,5029, 5035, 5041, 5047, 5053)
(10192,3993,5027, 5038, 5044, 5050, 5056, 5057, 5058, 5059)
(10196,3993,5010, 5021, 5032, 5043)
(10203,3993,5043, 5032, 5021, 5010)
(10208,3993,5002, 5008, 5019, 5030, 5036)
(10213,3993,5005, 5011, 5012, 5013, 5019, 5030, 5041, 5052)
(10275,4018,5027, 5016, 5005)
(10279,4018,5031, 5025, 5019, 5008, 5002, 5001)
(10293,4018,5047, 5041, 5030, 5019, 5008, 5003)
(10340,4018,5041, 5030, 5019, 5008, 5002)
(10349,4018,5047, 5041, 5030, 5024, 5018)
(10398,4018,5030, 5019, 5008, 5002)
(10409,4018,5012, 5018, 5029, 5040, 5051)
(10429,4018,5030, 5041, 5047, 5048, 5054)
(10444,4018,5008, 5019, 5030)
(10459,4018,5004, 5009, 5020, 5031, 5042, 5053)
(10463,4043,5004, 5003, 5008, 5019, 5030, 5041, 5046, 5051)
(10470,4043,5049, 5038, 5033, 5028, 5017, 5012)
(10483,4043,5012, 5013, 5019, 5030, 5041)
(10509,4043,5020, 5031, 5036, 5041, 5046, 5051, 5056)
(10513,4043,5048, 5043, 5032, 5021, 5010)
(10545,4043,5009, 5020, 5031, 5042, 5048, 5054)
(10550,4043,5030, 5024, 5018, 5012, 5011, 5005)
(10560,4043,5009, 5020, 5031, 5042, 5048, 5054)
(10584,4043,5051, 5040, 5029, 5018, 5012)
(10616,4043,5019, 5030, 5041, 5046, 5051, 5056, 5055)
(10627,4068,5032, 5043, 5054)
(10644,4068,5030, 5019, 5008)
(10672,4068,5038, 5027, 5016, 5005)
(10685,4068,5040, 5029, 5018)
(10691,4068,5031, 5042, 5048, 5054)
(10708,4068,5002, 5008, 5019, 5030, 5041, 5047, 5053)
(10712,4068,5030, 5041, 5052)
(10717,4068,5021, 5032, 5043, 5054)
(10750,4068,5028, 5017, 5006)
(10765,4068,5027, 5038, 5044, 5050, 5056, 5057, 5058)
(10777,4090,5059, 5053, 5047, 5041, 5030, 5019, 5008, 5002)
(10784,4090,5029, 5018, 5007)
(10794,4090,5006, 5012, 5018, 5029, 5040, 5051)
(10810,4090,5047, 5041, 5030, 5024, 5018, 5012, 5011, 5005)
(10824,4090,5056, 5051, 5046, 5041, 5030, 5019)
(10831,4090,5031, 5042, 5053)
(10860,4090,5030, 5041, 5047, 5053)
(10877,4090,5049, 5038, 5033, 5028, 5017, 5012, 5013, 5008, 5003)
(10893,4090,5006, 5017, 5028, 5039)
(10895,4090,5031, 5025, 5019, 5008, 5003)
(10900,4117,5059, 5053, 5047, 5041, 5030, 5019, 5008, 5002)
(10927,4117,5053, 5042, 5031)
(10934,4117,5041, 5030, 5019, 5008, 5003, 5004)
(10954,4117,5015, 5020, 5031, 5036, 5041, 5046, 5051, 5056)
(10995,4117,5027, 5038, 5049)
(11014,4117,5011, 5017, 5028, 5039, 5050)
(11026,4117,5006, 5012, 5013, 5019, 5030, 5041, 5052)
(11038,4117,5039, 5028, 5017)
(11064,4117,5004, 5009, 5020, 5031, 5042)
(11065,4117,5030, 5024, 5018, 5012, 5011, 5005)
(11067,4142,5006, 5012, 5018, 5029, 5040)
(11085,4142,5047, 5041, 5030, 5019, 5014)
(11108,4142,5028, 5039, 5050)
(11179,4142,5045, 5046, 5041, 5030, 5019, 5008)
(11190,4142,5019, 5030, 5041, 5046, 5051)
(11231,4142,5041, 5030, 5019)
(11243,4142,5027, 5038, 5044, 5050)
(11256,4142,5030, 5041, 5047, 5048, 5054)
(11274,4142,5059, 5053, 5047, 5041, 5030, 5019)
(11288,4142,5010, 5021, 5032)
(11320,4162,5027, 5016, 5005)
(11336,4162,5030, 5019, 5008, 5002, 5001)
(11346,4162,5050, 5044, 5038, 5027, 5016, 5005)
(11349,4162,5009, 5020, 5031, 5037)
(11369,4162,5052, 5041, 5030, 5019, 5008, 5002)
(11373,4162,5038, 5033, 5028, 5017, 5012, 5013, 5008)
(11395,4162,5049, 5038, 5033, 5028, 5017, 5012, 5013, 5014)
(11398,4162,5032, 5043, 5054)
(11444,4162,5006, 5012, 5013, 5019, 5030, 5041, 5052)
(11445,4162,5053, 5047, 5041, 5030, 5024, 5018)
(11459,4187,5049, 5038, 5033, 5028, 5017, 5012, 5013)
(11466,4187,5056, 5051, 5046, 5041, 5030, 5019, 5008, 5003)
(11480,4187,5002, 5008, 5019, 5030)
(11498,4187,5027, 5016, 5005)
(11511,4187,5028, 5017, 5006)
(11522,4187,5049, 5038, 5027, 5016, 5005)
(11524,4187,5047, 5041, 5030, 5024, 5018)
(11542,4187,5030, 5041, 5047, 5048, 5054)
(11551,4187,5030, 5019, 5008)
(11614,4187,5003, 5008, 5019, 5030, 5041, 5046, 5051)
(11633,4209,5031, 5042, 5048, 5054)
(11657,4209,5011, 5012, 5013, 5019, 5030, 5041, 5052)
(11703,4209,5029, 5018, 5012, 5011, 5005)
(11711,4209,5030, 5024, 5018, 5012, 5011, 5005)
(11749,4209,5011, 5012, 5018, 5029, 5040, 5051)
(11752,4209,5059, 5058, 5057, 5056, 5050, 5044, 5038, 5027)
(11779,4209,5041, 5030, 5024, 5018, 5012, 5011, 5005)
(11804,4209,5031, 5042, 5053)
(11882,4209,5002, 5008, 5019, 5030, 5041, 5047)
(11905,4209,5044, 5038, 5027, 5016, 5005)
(11930,4234,5003, 5008, 5019, 5030, 5041, 5046, 5051, 5056, 5055)
(11940,4234,5047, 5041, 5030, 5024, 5018, 5012, 5011, 5005)
(11952,4234,5031, 5025, 5024, 5018, 5012, 5011, 5005)
(11954,4234,5059, 5053, 5047, 5041, 5030, 5019, 5008, 5003)
(11961,4234,5048, 5047, 5041, 5030, 5024, 5018, 5012, 5011)
(11982,4234,5028, 5039, 5050)
(11984,4234,5020, 5031, 5036, 5041, 5046, 5051, 5056, 5055)
(11997,4234,5051, 5046, 5041, 5030, 5019, 5014, 5015)
(12014,4234,5020, 5031, 5036, 5041, 5046, 5051)
(12017,4234,5031, 5042, 5048, 5054)
(12035,4261,5031, 5042, 5048, 5054)
(12036,4261,5004, 5003, 5008, 5019, 5030, 5041, 5052)
(10020,4261,5030, 5019, 5008, 5002, 5001)
(10021,4261,5032, 5026, 5025, 5019, 5008, 5002)
(10053,4261,5032, 5043, 5054)
(10070,4261,5006, 5017, 5028, 5039)
(10072,4261,5052, 5041, 5030)
(10076,4261,5056, 5051, 5046, 5041, 5030, 5019, 5014)
(10091,4261,5030, 5019, 5008, 5002, 5001)
(10097,4261,5006, 5012, 5013, 5019, 5030)
(10112,4283,5021, 5032, 5043, 5054)
(10130,4283,5027, 5038, 5044, 5050, 5056, 5057, 5058, 5059)
(10139,4283,5020, 5031, 5036, 5041, 5046, 5051, 5056)
(10153,4283,5049, 5038, 5033, 5028, 5017, 5012, 5013, 5008, 5003, 5004)
(10172,4283,5004, 5003, 5008, 5019, 5030, 5041, 5052)
(10183,4283,5030, 5024, 5018, 5012, 5011, 5005)
(10229,4283,5020, 5031, 5036, 5041, 5052)
(10262,4283,5004, 5003, 5008, 5019, 5030, 5041, 5046, 5045, 5044)
(10285,4283,5003, 5008, 5019, 5030, 5041, 5046, 5045, 5044)
(10310,4283,5008, 5019, 5030, 5041, 5047)
(10314,4304,5015, 5020, 5031, 5042, 5053)
(10323,4304,5027, 5016, 5005)
(10342,4304,5059, 5053, 5047, 5041, 5030, 5024, 5023)
(10353,4304,5027, 5038, 5044, 5050)
(10357,4304,5027, 5016, 5005)
(10360,4304,5015, 5020, 5031, 5036, 5041, 5052)
(10395,4304,5048, 5047, 5041, 5030, 5019, 5008, 5002)
(10406,4304,5032, 5026, 5025, 5019, 5008)
(10443,4304,5017, 5022, 5027, 5038, 5049)
(10511,4304,5041, 5030, 5019)
(10523,4320,5041, 5030, 5019, 5008)
(10556,4320,5013, 5019, 5030, 5041, 5052)
(10565,4320,5031, 5042, 5048, 5054)
(10574,4320,5023, 5029, 5035, 5041, 5047, 5053)
(10608,4320,5013, 5019, 5030, 5041)
(10610,4320,5049, 5038, 5027, 5016)
(10632,4320,5029, 5035, 5041, 5047, 5048, 5054)
(10648,4320,5011, 5012, 5013, 5019, 5030, 5041, 5047, 5048, 5054)
(10666,4320,5019, 5030, 5041, 5046, 5051, 5056, 5055)
(10694,4320,5023, 5029, 5040, 5051)
(10698,4336,5032, 5026, 5025, 5019, 5008, 5002, 5001)
(10746,4336,5006, 5017, 5022, 5027, 5038, 5049)
(10761,4336,5009, 5020, 5031, 5042, 5053)
(10797,4336,5032, 5021, 5010, 5004)
(10801,4336,5027, 5016, 5005)
(10805,4336,5039, 5028, 5017, 5006)
(10809,4336,5016, 5027, 5038)
(10818,4336,5030, 5024, 5018, 5012, 5011, 5005)
(10882,4336,5020, 5031, 5042, 5048)
(10905,4336,5031, 5025, 5019, 5008, 5002, 5001)
(10908,4354,5041, 5030, 5024, 5018, 5012, 5011)
(10966,4354,5002, 5008, 5019, 5030, 5041, 5047, 5053)
(10987,4354,5027, 5016, 5005)
(11012,4354,5029, 5035, 5041, 5052)
(11024,4354,5027, 5016, 5005)
(11027,4354,5041, 5030, 5019, 5008, 5003, 5004)
(11031,4354,5006, 5012, 5018, 5029, 5040)
(11060,4354,5005, 5016, 5027, 5038, 5049)
(11074,4354,5019, 5030, 5041, 5047, 5048)
(11119,4354,5009, 5020, 5031, 5042, 5048, 5054)
(11122,4369,5030, 5041, 5047, 5048, 5054)
(11174,4369,5012, 5013, 5019, 5030, 5041, 5047, 5048, 5054)
(11176,4369,5006, 5012, 5013, 5019, 5030, 5041)
(11188,4369,5013, 5019, 5030, 5041, 5047)
(11197,4369,5011, 5012, 5018, 5029, 5040)
(11229,4369,5011, 5012, 5018, 5029, 5040)
(11244,4369,5007, 5018, 5029, 5040)
(11257,4369,5004, 5003, 5008, 5019, 5030, 5041, 5046, 5045, 5044)
(11258,4369,5007, 5018, 5029, 5040)
(11263,4369,5049, 5038, 5033, 5028, 5017, 5012, 5013)
(11268,4389,5029, 5018, 5007)
(11269,4389,5032, 5021, 5010, 5004)
(11303,4389,5012, 5013, 5019, 5030, 5041, 5052)
(11314,4389,5049, 5038, 5033, 5028, 5017, 5012, 5013, 5008)
(11328,4389,5049, 5038, 5033, 5028, 5017, 5012, 5013, 5014, 5015)
(11345,4389,5028, 5017, 5011, 5005)
(11374,4389,5052, 5041, 5030, 5019)
(11385,4389,5011, 5012, 5018, 5029, 5040, 5051)
(11386,4389,5008, 5019, 5030, 5036)
(11397,4389,5040, 5029, 5018, 5012)
(11412,4409,5013, 5019, 5030, 5041, 5047, 5053)
(11423,4409,5031, 5025, 5019, 5008)
(11429,4409,5053, 5047, 5041, 5030, 5024, 5018)
(11442,4409,5028, 5017, 5011, 5005)
(11457,4409,5031, 5042, 5053)
(11559,4409,5031, 5025, 5024, 5018, 5012, 5011, 5005)
(11578,4409,5031, 5042, 5048, 5054)
(11579,4409,5028, 5039, 5050)
(11580,4409,5031, 5025, 5019, 5008, 5002, 5001)
(11610,4409,5031, 5042, 5053)
(11622,4425,5038, 5033, 5028, 5017, 5012, 5013, 5008, 5003)
(11625,4425,5008, 5019, 5030, 5041, 5046, 5045, 5044)
(11628,4425,5039, 5028, 5017, 5006)
(11639,4425,5031, 5042, 5053)
(11658,4425,5003, 5008, 5019, 5030, 5041)
(11673,4425,5009, 5020, 5031, 5037)
(11678,4425,5057, 5056, 5050, 5044, 5038, 5027)
(11682,4425,5029, 5035, 5041, 5047, 5048, 5054)
(11695,4425,5031, 5042, 5053)
(11706,4425,5030, 5041, 5052)
(11728,4441,5032, 5026, 5025, 5024, 5018, 5012, 5011, 5005)
(11730,4441,5006, 5012, 5013, 5019, 5030, 5041, 5047)
(11742,4441,5010, 5021, 5032, 5043)
(11757,4441,5010, 5021, 5032, 5043)
(11761,4441,5032, 5021, 5010, 5004)
(11777,4441,5019, 5030, 5041)
(11797,4441,5027, 5016, 5005)
(11858,4441,5043, 5032, 5021)
(11872,4441,5039, 5028, 5017, 5012, 5007)
(11919,4441,5058, 5057, 5056, 5050, 5044, 5038, 5027, 5016, 5005)
(11953,4461,5006, 5017, 5028, 5039)
(11958,4461,5027, 5016, 5005)
(11970,4461,5008, 5019, 5030, 5041, 5046, 5045, 5044)
(11976,4461,5029, 5018, 5012, 5011, 5005)
(11987,4461,5046, 5041, 5030, 5019, 5008, 5002)
(11994,4461,5008, 5019, 5030, 5041, 5047, 5053)
(12006,4461,5031, 5042, 5048, 5054)
(12008,4461,5051, 5046, 5041, 5030, 5019, 5008)
(12042,4461,5003, 5008, 5019, 5030, 5041)
(10037,4461,5010, 5021, 5032)
(10049,4486,5059, 5058, 5057, 5056, 5050, 5044, 5038, 5027, 5016)
(10071,4486,5020, 5031, 5042)
(10083,4486,5015, 5020, 5031, 5036, 5041, 5046, 5051, 5056, 5055)
(10111,4486,5027, 5038, 5044, 5050, 5056)
(10113,4486,5039, 5028, 5017, 5012, 5007)
(10124,4486,5048, 5047, 5041, 5030, 5019, 5008)
(10144,4486,5032, 5026, 5025, 5019, 5008, 5002, 5001)
(10176,4486,5032, 5026, 5025, 5024, 5018, 5012, 5011, 5005)
(10198,4486,5027, 5038, 5044, 5050, 5056)
(10199,4486,5023, 5029, 5040, 5051)
(10219,4546,5046, 5041, 5030, 5019, 5008)
(10226,4546,5053, 5047, 5041, 5030, 5019, 5008)
(10256,4546,5049, 5038, 5027, 5016, 5005)
(10258,4546,5029, 5018, 5012, 5011, 5005)
(10287,4546,5029, 5035, 5041, 5047, 5048, 5054)
(10298,4546,5031, 5042, 5048, 5054)
(10302,4546,5023, 5029, 5035, 5041, 5047, 5048, 5054)
(10306,4546,5012, 5018, 5029, 5040, 5051)
(10319,4546,5016, 5027, 5038)
(10327,4546,5031, 5025, 5019, 5008, 5002, 5001)
(10330,4596,5011, 5017, 5028, 5039)
(10381,4596,5003, 5008, 5019, 5030, 5041, 5046)
(10405,4596,5027, 5016, 5005)
(10460,4596,5041, 5030, 5024, 5018, 5012, 5011, 5005)
(10488,4596,5021, 5032, 5043)
(10496,4596,5003, 5008, 5019, 5030, 5041, 5046, 5051)
(10500,4596,5006, 5017, 5028, 5039)
(10512,4596,5048, 5047, 5041, 5030, 5019, 5008, 5002, 5001)
(10531,4596,5032, 5026, 5025, 5024, 5018, 5012, 5011, 5005)
(10544,4596,5028, 5017, 5006)
(10554,4656,5052, 5041, 5030, 5019, 5008, 5002)
(10557,4656,5027, 5038, 5044, 5050, 5056, 5057, 5058, 5059)
(10573,4656,5004, 5003, 5008, 5019, 5030, 5041)
(10656,4656,5009, 5020, 5031)
(10665,4656,5032, 5043, 5054)
(10674,4656,5030, 5041, 5047, 5048, 5054)
(10766,4656,5008, 5019, 5030, 5041, 5052)
(10776,4656,5030, 5019, 5008, 5002, 5001)
(10808,4656,5030, 5019, 5008)
(10817,4656,5031, 5025, 5019, 5008)
(10821,4706,5006, 5012, 5013, 5019, 5030, 5036)
(10829,4706,5002, 5008, 5019, 5030, 5041, 5047)
(10833,4706,5019, 5030, 5041, 5047, 5053)
(10837,4706,5031, 5025, 5024, 5018, 5012, 5011, 5005)
(10921,4706,5057, 5056, 5050, 5044, 5038, 5027, 5016)
(10930,4706,5046, 5041, 5030, 5019, 5008, 5003)
(10942,4706,5031, 5042, 5053)
(10957,4706,5011, 5012, 5013, 5019, 5030, 5041, 5047, 5048)
(10974,4706,5023, 5029, 5035, 5041, 5047, 5053)
(10985,4706,5003, 5008, 5019, 5030, 5041, 5046)
(11015,4756,5013, 5019, 5030, 5041, 5047, 5048, 5054)
(11055,4756,5038, 5033, 5028, 5017, 5012, 5013, 5008, 5003)
(11080,4756,5032, 5026, 5025, 5024, 5018, 5012, 5011, 5005)
(11082,4756,5009, 5020, 5031, 5042, 5053)
(11094,4756,5012, 5013, 5019, 5030, 5041)
(11097,4756,5038, 5033, 5028, 5017, 5012, 5013, 5008)
(11134,4756,5002, 5008, 5019, 5030, 5036)
(11151,4756,5048, 5047, 5041, 5030, 5024, 5018, 5012, 5011, 5005)
(11182,4756,5008, 5019, 5030, 5041, 5047)
(11196,4756,5032, 5026, 5025, 5019, 5008, 5002, 5001)
(11220,4816,5040, 5029, 5018, 5012, 5011, 5005)
(11248,4816,5005, 5016, 5027, 5038)
(11250,4816,5047, 5041, 5030, 5024, 5018, 5012)
(11252,4816,5043, 5032, 5021, 5010)
(11259,4816,5047, 5041, 5030, 5024, 5018, 5012, 5011, 5005)
(11277,4816,5023, 5029, 5035, 5041, 5047, 5048, 5054)
(11333,4816,5011, 5012, 5018, 5029, 5040, 5051)
(11399,4816,5052, 5041, 5030, 5019, 5008, 5002, 5001)
(11408,4816,5059, 5053, 5047, 5041, 5030)
(11449,4816,5021, 5032, 5043)
(11477,4866,5020, 5031, 5036, 5041, 5052)
(11481,4866,5006, 5012, 5018, 5029, 5040, 5051)
(11509,4866,5003, 5008, 5019, 5030, 5041, 5046, 5051, 5056, 5055)
(11516,4866,5048, 5047, 5041, 5030, 5019, 5008, 5002)
(11526,4866,5019, 5030, 5041, 5047)
(11545,4866,5030, 5041, 5047, 5048, 5054)
(11565,4866,5013, 5019, 5030, 5041, 5047)
(11583,4866,5043, 5032, 5021, 5010)
(11584,4866,5023, 5029, 5035, 5041, 5047, 5053)
(11588,4866,5006, 5017, 5022, 5027, 5038)
(11649,4921,5032, 5043, 5054)
(11681,4921,5013, 5019, 5030, 5041, 5047, 5048, 5054)
(11692,4921,5048, 5047, 5041, 5030, 5024, 5018)
(11713,4921,5031, 5042, 5053)
(11727,4921,5005, 5011, 5012, 5013, 5019, 5030, 5036, 5037)
(11732,4921,5059, 5053, 5047, 5041, 5030, 5019, 5014)
(11808,4921,5028, 5017, 5011, 5005)
(11812,4921,5029, 5018, 5012, 5006)
(11820,4921,5002, 5008, 5019, 5030, 5041)
(11847,4921,5041, 5030, 5019, 5008, 5002, 5001)
(11860,4971,5019, 5030, 5041, 5047, 5048, 5054)
(11863,4971,5007, 5018, 5029, 5040)
(11876,4971,5051, 5040, 5029, 5018)
(11883,4971,5005, 5011, 5012, 5018, 5029, 5040)
(11892,4971,5005, 5011, 5012, 5013, 5019, 5030, 5041, 5047, 5048, 5054)
(11966,4971,5029, 5018, 5012, 5011, 5005)
(11978,4971,5052, 5041, 5030, 5019)
(11996,4971,5029, 5018, 5007)
(12019,4971,5027, 5038, 5049)
(12041,4971,5019, 5030, 5041, 5046, 5051)
(10002,5026,5040, 5029, 5018, 5012, 5006)
(10005,5026,5031, 5042, 5053)
(10038,5026,5030, 5019, 5008)
(10040,5026,5048, 5047, 5041, 5030, 5024, 5018, 5012, 5011, 5005)
(10065,5026,5009, 5020, 5031, 5042)
(10075,5026,5031, 5042, 5048, 5054)
(10099,5026,5015, 5020, 5031, 5036, 5041, 5052)
(10105,5026,5030, 5041, 5047, 5048, 5054)
(10151,5026,5020, 5031, 5042, 5048)
(10162,5026,5044, 5038, 5027, 5016, 5005)
(10175,5053,5004, 5009, 5020, 5031, 5042, 5053)
(10177,5053,5038, 5027, 5016)
(10209,5053,5030, 5019, 5008)
(10228,5053,5031, 5025, 5019, 5008, 5002, 5001)
(10243,5053,5009, 5020, 5031)
(10276,5053,5052, 5041, 5030, 5019, 5014, 5015)
(10277,5053,5027, 5038, 5044, 5050)
(10283,5053,5030, 5024, 5018, 5012, 5011, 5005)
(10286,5053,5044, 5038, 5027, 5016)
(10297,5053,5053, 5047, 5041, 5030, 5019)
(10347,5078,5008, 5019, 5030, 5041, 5047, 5048)
(10373,5078,5059, 5053, 5047, 5041, 5030, 5019, 5014)
(10374,5078,5058, 5057, 5056, 5050, 5044, 5038, 5027, 5016, 5005)
(10389,5078,5048, 5047, 5041, 5030, 5019, 5008, 5002, 5001)
(10396,5078,5041, 5030, 5024, 5018, 5012)
(10431,5078,5027, 5038, 5044, 5050)
(10456,5078,5049, 5038, 5033, 5028, 5017, 5012, 5013, 5008)
(10468,5078,5031, 5042, 5048, 5054)
(10505,5078,5005, 5011, 5017, 5028)
(10520,5078,5059, 5053, 5047, 5041, 5030, 5019, 5008)
(10536,5108,5029, 5018, 5007)
(10539,5108,5002, 5008, 5019, 5030)
(10563,5108,5015, 5020, 5031, 5036, 5041, 5046, 5051, 5056, 5055)
(10612,5108,5006, 5012, 5013, 5019, 5030, 5036)
(10621,5108,5028, 5017, 5011, 5005)
(10622,5108,5023, 5029, 5035, 5041, 5047, 5048, 5054)
(10655,5108,5004, 5003, 5008, 5019, 5030, 5041, 5046, 5051, 5056, 5055)
(10660,5108,5015, 5020, 5031, 5036, 5041, 5052)
(10692,5108,5027, 5016, 5005)
(10707,5108,5030, 5041, 5047, 5053)
(10724,5140,5031, 5025, 5019, 5008, 5002)
(10733,5140,5019, 5030, 5041)
(10741,5140,5004, 5003, 5008, 5019, 5030, 5041, 5046, 5045, 5044)
(10751,5140,5003, 5008, 5019, 5030, 5041)
(10772,5140,5008, 5019, 5030, 5036)
(10789,5140,5030, 5024, 5018, 5012, 5011, 5005)
(10852,5140,5032, 5021, 5010, 5004)
(10884,5140,5049, 5038, 5033, 5028, 5017, 5012, 5013, 5008, 5003, 5004)
(10898,5140,5045, 5046, 5041, 5030, 5019, 5008, 5003, 5004)
(10938,5140,5030, 5041, 5047, 5053)
(10949,5172,5053, 5047, 5041, 5030, 5019, 5008, 5002)
(10992,5172,5049, 5038, 5027)
(11021,5172,5029, 5018, 5007)
(11023,5172,5039, 5028, 5017)
(11042,5172,5013, 5019, 5030, 5041, 5047)
(11046,5172,5013, 5019, 5030, 5041, 5047, 5048, 5054)
(11062,5172,5044, 5038, 5027, 5016)
(11087,5172,5031, 5042, 5053)
(11135,5172,5002, 5008, 5019, 5030, 5036, 5037)
(11138,5172,5048, 5047, 5041, 5030, 5019, 5014)
(11153,5194,5006, 5012, 5018, 5029, 5040)
(11155,5194,5029, 5018, 5012, 5011, 5005)
(11186,5194,5038, 5033, 5028, 5017, 5012, 5013, 5008)
(11202,5194,5031, 5042, 5053)
(11210,5194,5019, 5030, 5041, 5047, 5053)
(11242,5194,5012, 5013, 5019, 5030, 5041, 5047)
(11265,5194,5049, 5038, 5027)
(11310,5194,5006, 5012, 5013, 5019, 5030, 5041, 5047)
(11351,5194,5029, 5035, 5041, 5047, 5048, 5054)
(11355,5194,5013, 5019, 5030, 5041, 5047, 5048, 5054)
(11360,5214,5044, 5038, 5027, 5016)
(11362,5214,5020, 5031, 5042)
(11387,5214,5006, 5012, 5013, 5019, 5030, 5041, 5047, 5048, 5054)
(11393,5214,5012, 5013, 5019, 5030, 5041)
(11431,5214,5027, 5016, 5005)
(11487,5214,5023, 5029, 5035, 5041, 5047, 5053)
(11503,5214,5049, 5038, 5033, 5028, 5017)
(11512,5214,5031, 5025, 5019, 5008, 5003)
(11531,5214,5030, 5041, 5047, 5053)
(11539,5214,5031, 5042, 5053)
(11552,5241,5059, 5058, 5057, 5056, 5050, 5044, 5038, 5027, 5016, 5005)
(11612,5241,5008, 5019, 5030, 5041, 5046, 5051)
(11621,5241,5006, 5012, 5013, 5019, 5030)
(11623,5241,5027, 5016, 5005)
(11638,5241,5008, 5019, 5030, 5041, 5047)
(11650,5241,5032, 5021, 5010)
(11655,5241,5012, 5013, 5019, 5030, 5041, 5047, 5048, 5054)
(11656,5241,5031, 5025, 5024, 5018, 5012, 5011, 5005)
(11660,5241,5040, 5029, 5018, 5012, 5011, 5005)
(11675,5241,5007, 5012, 5017, 5022, 5027, 5038, 5049)
(11684,5273,5005, 5016, 5027)
(11704,5273,5031, 5042, 5048, 5054)
(11719,5273,5027, 5016, 5005)
(11722,5273,5011, 5017, 5028, 5039, 5050)
(11736,5273,5053, 5047, 5041, 5030, 5019, 5008, 5003)
(11739,5273,5019, 5030, 5041)
(11741,5273,5023, 5029, 5035, 5041, 5047, 5048, 5054)
(11785,5273,5045, 5046, 5041, 5030, 5019, 5008)
(11786,5273,5047, 5041, 5030, 5024, 5018, 5012)
(11846,5273,5027, 5038, 5044, 5050, 5056, 5057)
(11924,5298,5030, 5041, 5047, 5048, 5054)
(11931,5298,5031, 5042, 5048, 5054)
(11935,5298,5027, 5038, 5049)
(11936,5298,5011, 5012, 5013, 5019, 5030, 5041, 5052)
(11983,5298,5031, 5025, 5024, 5018, 5012, 5011, 5005)
(10036,5298,5052, 5041, 5030, 5019, 5008, 5003, 5004)
(10055,5298,5054, 5043, 5032)
(10064,5298,5009, 5020, 5031, 5042, 5053)
(10069,5298,5011, 5017, 5028, 5039, 5050)
(10079,5298,5043, 5032, 5021, 5010)
(10088,5323,5008, 5019, 5030, 5041, 5052)
(10092,5323,5054, 5043, 5032)
(10098,5323,5031, 5025, 5019, 5008, 5003)
(10134,5323,5011, 5012, 5018, 5029, 5040, 5051)
(10141,5323,5059, 5053, 5042, 5031)
(10154,5323,5027, 5016, 5005)
(10157,5323,5008, 5019, 5030, 5041, 5052)
(10169,5323,5053, 5047, 5041, 5030, 5019, 5008, 5002, 5001)
(10170,5323,5009, 5020, 5031, 5042, 5053)
(10242,5323,5041, 5030, 5019, 5008, 5002)
(10249,5341,5056, 5051, 5046, 5041, 5030, 5019, 5008, 5002)
(10250,5341,5028, 5039, 5050)
(10263,5341,5032, 5026, 5025, 5019, 5008, 5002)
(10299,5341,5028, 5039, 5050)
(10305,5341,5010, 5021, 5032)
(10311,5341,5030, 5019, 5008)
(10322,5341,5048, 5047, 5041, 5030, 5019, 5014)
(10338,5341,5011, 5012, 5013, 5019, 5030, 5041, 5052)
(10365,5341,5021, 5032, 5043)
(10368,5341,5011, 5017, 5028, 5039)
(10402,5356,5013, 5019, 5030, 5041, 5047, 5053)
(10418,5356,5030, 5019, 5008, 5002)
(10419,5356,5038, 5027, 5016)
(10424,5356,5005, 5011, 5012, 5013, 5019, 5030, 5041, 5047)
(10426,5356,5019, 5030, 5041, 5046, 5051, 5056, 5055)
(10428,5356,5006, 5012, 5018, 5029)
(10439,5356,5027, 5038, 5049)
(10455,5356,5003, 5008, 5019, 5030, 5041, 5046)
(10494,5356,5005, 5011, 5017, 5028)
(10498,5356,5047, 5041, 5030, 5019)
(10552,5369,5023, 5029, 5035, 5041, 5047, 5048, 5054)
(10572,5369,5021, 5032, 5043)
(10577,5369,5016, 5027, 5038)
(10583,5369,5002, 5008, 5019, 5030, 5041, 5047, 5048)
(10603,5369,5002, 5008, 5019, 5030, 5036, 5037)
(10654,5369,5030, 5024, 5018, 5012, 5011, 5005)
(10670,5369,5048, 5047, 5041, 5030, 5019, 5008, 5002, 5001)
(10679,5369,5041, 5030, 5024, 5018, 5012)
(10689,5369,5048, 5047, 5041, 5030, 5019)
(10697,5369,5032, 5043, 5054)
(10699,5385,5013, 5019, 5030, 5041, 5052)
(10748,5385,5027, 5038, 5044, 5050, 5056, 5057, 5058, 5059)
(10779,5385,5044, 5038, 5027, 5016)
(10799,5385,5032, 5026, 5025, 5019, 5008, 5002)
(10815,5385,5006, 5012, 5018, 5029)
(10855,5385,5054, 5043, 5032, 5021)
(10887,5385,5030, 5019, 5008, 5002)
(10897,5385,5023, 5029, 5035, 5041, 5047, 5053)
(10907,5385,5006, 5012, 5013, 5019, 5030, 5041, 5047, 5048, 5054)
(10910,5385,5027, 5016, 5005)
(10919,5403,5049, 5038, 5027, 5016, 5005)
(10948,5403,5011, 5012, 5018, 5029, 5040, 5051)
(10986,5403,5019, 5030, 5041, 5047)
(10997,5403,5012, 5018, 5029, 5040, 5051)
(11005,5403,5027, 5016, 5005)
(11007,5403,5007, 5012, 5017, 5028, 5039)
(11035,5403,5032, 5043, 5054)
(11043,5403,5052, 5041, 5030, 5024, 5023)
(11058,5403,5050, 5044, 5038, 5027, 5016, 5005)
(11061,5403,5015, 5020, 5031, 5036, 5041, 5052)
(11075,5416,5041, 5030, 5024, 5018)
(11078,5416,5029, 5035, 5041, 5047, 5053)
(11081,5416,5005, 5011, 5012, 5013, 5019, 5030, 5041, 5047, 5048, 5054)
(11126,5416,5028, 5017, 5011, 5005)
(11127,5416,5008, 5019, 5030, 5041, 5047)
(11158,5416,5030, 5041, 5047, 5048, 5054)
(11165,5416,5011, 5012, 5018, 5029, 5040, 5051)
(11168,5416,5032, 5026, 5025, 5024, 5018, 5012, 5011, 5005)
(11171,5416,5048, 5047, 5041, 5030, 5019, 5008, 5003)
(11183,5416,5030, 5019, 5008)
(11192,5436,5006, 5012, 5013, 5019, 5030)
(11195,5436,5053, 5047, 5041, 5030, 5024, 5018)
(11198,5436,5011, 5012, 5013, 5019, 5030, 5041, 5047, 5048, 5054)
(11207,5436,5032, 5026, 5025, 5019, 5008)
(11216,5436,5028, 5017, 5006)
(11217,5436,5017, 5028, 5039)
(11227,5436,5029, 5035, 5041, 5047, 5048, 5054)
(11228,5436,5029, 5018, 5012, 5006)
(11232,5436,5059, 5058, 5057, 5056, 5050, 5044, 5038, 5027, 5016)
(11267,5436,5032, 5043, 5054)
(11273,5456,5021, 5032, 5043, 5054)
(11279,5456,5019, 5030, 5041, 5047, 5048)
(11283,5456,5011, 5017, 5028, 5039)
(11298,5456,5029, 5035, 5041, 5047, 5053)
(11335,5456,5019, 5030, 5041, 5047, 5053)
(11356,5456,5031, 5042, 5053)
(11357,5456,5027, 5016, 5005)
(11358,5456,5021, 5032, 5043, 5054)
(11407,5456,5005, 5011, 5012, 5018, 5029, 5040, 5051)
(11482,5456,5053, 5047, 5041, 5030, 5019, 5008, 5002)
(11485,5471,5023, 5029, 5040, 5051)
(11486,5471,5038, 5033, 5028, 5017, 5006)
(11507,5471,5051, 5046, 5041, 5030, 5019, 5008, 5003)
(11523,5471,5015, 5020, 5031, 5042, 5053)
(11534,5471,5045, 5046, 5041, 5030, 5019, 5008)
(11556,5471,5059, 5053, 5047, 5041, 5030, 5024, 5018)
(11570,5471,5028, 5017, 5011, 5005)
(11618,5471,5002, 5008, 5019, 5030, 5041)
(11671,5471,5052, 5041, 5030, 5019, 5014, 5015)
(11683,5471,5017, 5022, 5027, 5038, 5049)
(11701,5487,5027, 5016, 5005)
(11758,5487,5030, 5041, 5052)
(11800,5487,5006, 5012, 5018, 5029)
(11806,5487,5032, 5021, 5010)
(11851,5487,5032, 5043, 5054)
(11891,5487,5050, 5039, 5028, 5017, 5006)
(11904,5487,5038, 5033, 5028, 5017, 5012, 5007)
(11907,5487,5011, 5012, 5013, 5019, 5030, 5041, 5047, 5048)
(11922,5487,5019, 5030, 5041, 5047, 5053)
(11945,5487,5032, 5026, 5025, 5019, 5008)
(11950,5500,5020, 5031, 5042, 5048)
(11967,5500,5029, 5018, 5007)
(12033,5500,5028, 5017, 5011, 5005)
(10006,5500,5023, 5029, 5040, 5051)
(10008,5500,5009, 5020, 5031)
(10015,5500,5003, 5008, 5019, 5030, 5041, 5046, 5045)
(10041,5500,5021, 5032, 5043, 5054)
(10059,5500,5013, 5019, 5030, 5041, 5047, 5048)
(10165,5500,5038, 5033, 5028, 5017, 5012, 5013, 5008, 5003)
(10178,5500,5012, 5013, 5019, 5030, 5041)
(10179,5550,5051, 5040, 5029, 5018, 5012)
(10186,5550,5059, 5053, 5047, 5041, 5030, 5024, 5018)
(10194,5550,5017, 5028, 5039)
(10200,5550,5006, 5012, 5013, 5019, 5030, 5041, 5047)
(10214,5550,5031, 5025, 5024, 5018, 5012, 5011, 5005)
(10223,5550,5020, 5031, 5042, 5048)
(10234,5550,5021, 5032, 5043)
(10240,5550,5032, 5043, 5054)
(10281,5550,5009, 5020, 5031, 5042, 5048)
(10284,5550,5019, 5030, 5041, 5052)
(10288,5600,5047, 5041, 5030, 5019, 5008)
(10312,5600,5003, 5008, 5019, 5030, 5041, 5046)
(10369,5600,5029, 5035, 5041, 5047, 5053)
(10382,5600,5023, 5029, 5040, 5051)
(10399,5600,5023, 5029, 5035, 5041, 5047, 5053)
(10401,5600,5013, 5019, 5030, 5041, 5047, 5048, 5054)
(10454,5600,5046, 5041, 5030, 5019, 5008, 5003, 5004)
(10484,5600,5015, 5020, 5031, 5036, 5041, 5046, 5051, 5056)
(10502,5600,5021, 5032, 5043)
(10510,5600,5006, 5012, 5013, 5019, 5030, 5036)
(10527,5650,5059, 5054, 5043, 5032, 5021, 5010)
(10604,5650,5015, 5020, 5031, 5036, 5041, 5046, 5051, 5056)
(10628,5650,5019, 5030, 5041, 5047, 5048)
(10629,5650,5038, 5033, 5028, 5017, 5006)
(10635,5650,5009, 5020, 5031, 5042, 5048, 5054)
(10641,5650,5008, 5019, 5030, 5041, 5046, 5051, 5056)
(10647,5650,5019, 5030, 5041, 5047, 5053)
(10675,5650,5029, 5018, 5007)
(10711,5650,5053, 5047, 5041, 5030)
(10760,5650,5002, 5008, 5019, 5030, 5036, 5037)
(10764,5700,5009, 5020, 5031, 5042, 5048)
(10834,5700,5041, 5030, 5024, 5018, 5012)
(10838,5700,5031, 5025, 5024, 5018, 5012, 5011, 5005)
(10843,5700,5019, 5030, 5041, 5047, 5053)
(10845,5700,5056, 5051, 5046, 5041, 5030, 5019, 5014, 5015)
(10854,5700,5015, 5020, 5031, 5042, 5053)
(10859,5700,5053, 5047, 5041, 5030, 5024, 5023)
(10875,5700,5030, 5041, 5052)
(10883,5700,5005, 5011, 5017, 5028)
(10892,5700,5009, 5020, 5031, 5037)
(10904,5750,5039, 5028, 5017, 5006)
(10935,5750,5031, 5025, 5019, 5008, 5002, 5001)
(10947,5750,5027, 5038, 5049)
(10952,5750,5009, 5020, 5031, 5037)
(11011,5750,5029, 5018, 5012, 5011, 5005)
(11030,5750,5056, 5050, 5044, 5038, 5027, 5016)
(11033,5750,5011, 5012, 5013, 5019, 5030, 5041, 5047)
(11039,5750,5047, 5041, 5030, 5019, 5014)
(11051,5750,5047, 5041, 5030, 5019, 5008, 5002, 5001)
(11068,5750,5059, 5053, 5047, 5041, 5030, 5024, 5023)
(11070,5800,5059, 5053, 5047, 5041, 5030, 5024)
(11092,5800,5027, 5016, 5005)
(11103,5800,5051, 5040, 5029, 5023)
(11125,5800,5002, 5008, 5019, 5030, 5041, 5047)
(11130,5800,5012, 5017, 5022, 5027, 5038, 5049)
(11132,5800,5009, 5020, 5031, 5042, 5048)
(11136,5800,5038, 5027, 5016, 5005)
(11152,5800,5029, 5018, 5012, 5011, 5005)
(11157,5800,5052, 5041, 5030, 5024, 5018)
(11189,5800,5011, 5012, 5013, 5019, 5030, 5041, 5047, 5048)
(11205,5840,5030, 5019, 5008)
(11236,5840,5030, 5024, 5018, 5012, 5011, 5005)
(11249,5840,5031, 5025, 5019, 5008, 5002, 5001)
(11255,5840,5027, 5016, 5005)
(11280,5840,5031, 5025, 5019, 5008, 5002)
(11294,5840,5031, 5042, 5053)
(11296,5840,5041, 5030, 5024, 5018, 5012, 5011)
(11305,5840,5031, 5025, 5019, 5008, 5003)
(11342,5840,5039, 5028, 5017)
(11343,5840,5058, 5057, 5056, 5050, 5044, 5038, 5027)
(11347,5885,5041, 5030, 5024, 5018, 5012, 5011)
(11405,5885,5049, 5038, 5033, 5028, 5017, 5012, 5007)
(11410,5885,5048, 5047, 5041, 5030, 5019, 5008, 5003)
(11415,5885,5040, 5029, 5018, 5012, 5006)
(11465,5885,5029, 5018, 5012, 5011, 5005)
(11467,5885,5032, 5043, 5054)
(11479,5885,5032, 5026, 5025, 5019, 5008)
(11484,5885,5052, 5041, 5030, 5024, 5018)
(11488,5885,5038, 5027, 5016, 5005)
(11492,5885,5005, 5011, 5012, 5013, 5019, 5030, 5036, 5037)
(11493,5935,5049, 5038, 5033, 5028, 5017, 5012, 5013, 5008, 5003, 5004)
(11499,5935,5002, 5008, 5019, 5030, 5041, 5047, 5048, 5054)
(11547,5935,5020, 5031, 5036, 5041, 5046, 5051, 5056, 5055)
(11574,5935,5030, 5024, 5018, 5012, 5011, 5005)
(11607,5935,5054, 5043, 5032, 5021, 5010)
(11608,5935,5039, 5028, 5017, 5012, 5007)
(11624,5935,5020, 5031, 5042)
(11641,5935,5032, 5026, 5025, 5019, 5008, 5002)
(11645,5935,5031, 5042, 5053)
(11653,5935,5030, 5041, 5052)
(11723,6000,5008, 5019, 5030, 5036)
(11737,6000,5052, 5041, 5030, 5019, 5008, 5002, 5001)
(11746,6000,5032, 5026, 5025, 5019, 5008)
(11755,6000,5005, 5011, 5017, 5028, 5039)
(11759,6000,5032, 5043, 5054)
(11835,6000,5015, 5020, 5031, 5036, 5041, 5052)
(11839,6000,5011, 5017, 5028, 5039)
(11881,6000,5006, 5012, 5013, 5019, 5030, 5041, 5047, 5053)
(11886,6000,5041, 5030, 5019, 5008, 5003, 5004)
(11888,6000,5015, 5020, 5031, 5036, 5041, 5046, 5051, 5056)
(11893,6050,5029, 5018, 5012, 5006)
(11897,6050,5038, 5033, 5028, 5017, 5012, 5007)
(11902,6050,5038, 5033, 5028, 5017, 5012, 5007)
(11914,6050,5052, 5041, 5030, 5019, 5014, 5015)
(11915,6050,5012, 5013, 5019, 5030, 5041, 5047, 5048, 5054)
(11920,6050,5005, 5011, 5012, 5013, 5019, 5030, 5041)
(11923,6050,5047, 5041, 5030, 5024, 5018, 5012)
(11964,6050,5053, 5042, 5031)
(11965,6050,5020, 5031, 5036, 5041, 5046, 5051)
(12016,6050,5011, 5012, 5018, 5029, 5040, 5051)
(12023,6095,5027, 5016, 5005)
(12028,6095,5019, 5030, 5041, 5046, 5051)
(10001,6095,5006, 5017, 5028)
(10017,6095,5002, 5008, 5019, 5030)
(10032,6095,5031, 5042, 5048, 5054)
(10046,6095,5030, 5041, 5047, 5053)
(10066,6095,5027, 5016, 5005)
(10126,6095,5006, 5012, 5018, 5029, 5040, 5051)
(10156,6095,5020, 5031, 5042)
(10180,6095,5004, 5003, 5008, 5019, 5030, 5041)
(10221,6120,5027, 5016, 5005)
(10231,6120,5031, 5042, 5048, 5054)
(10235,6120,5059, 5053, 5047, 5041, 5030, 5024, 5018, 5012)
(10264,6120,5029, 5035, 5041, 5047, 5053)
(10266,6120,5029, 5018, 5012, 5011, 5005)
(10270,6120,5032, 5021, 5010)
(10292,6120,5038, 5033, 5028, 5017, 5006)
(10309,6120,5053, 5047, 5041, 5030, 5019, 5008)
(10325,6120,5048, 5047, 5041, 5030, 5019, 5008, 5003)
(10336,6120,5011, 5012, 5013, 5019, 5030, 5041, 5047, 5048)
(10366,6147,5007, 5012, 5017, 5028, 5039)
(10421,6147,5059, 5058, 5057, 5056, 5050, 5044, 5038, 5027, 5016, 5005)
(10425,6147,5027, 5016, 5005)
(10441,6147,5053, 5047, 5041, 5030, 5024)
(10448,6147,5030, 5041, 5052)
(10469,6147,5044, 5038, 5027, 5016, 5005)
(10471,6147,5013, 5019, 5030, 5041, 5047)
(10476,6147,5046, 5041, 5030, 5019, 5008, 5003)
(10491,6147,5031, 5025, 5019, 5008, 5002, 5001)
(10553,6147,5020, 5031, 5042, 5053)
(10561,6179,5020, 5031, 5042, 5048)
(10566,6179,5027, 5016, 5005)
(10588,6179,5032, 5021, 5010)
(10591,6179,5019, 5030, 5041, 5052)
(10638,6179,5056, 5051, 5040, 5029, 5018)
(10639,6179,5028, 5017, 5006)
(10651,6179,5003, 5008, 5019, 5030, 5041, 5046, 5045, 5044)
(10677,6179,5031, 5025, 5024, 5018, 5012, 5011, 5005)
(10678,6179,5056, 5050, 5044, 5038, 5027)
(10680,6179,5027, 5038, 5044, 5050, 5056, 5057, 5058)
(10690,6204,5005, 5011, 5012, 5018, 5029, 5040)
(10710,6204,5027, 5038, 5044, 5050)
(10715,6204,5019, 5030, 5041, 5052)
(10729,6204,5008, 5019, 5030, 5041)
(10790,6204,5028, 5017, 5011, 5005)
(10798,6204,5046, 5041, 5030, 5019, 5008, 5003, 5004)
(10804,6204,5031, 5025, 5019, 5008)
(10812,6204,5048, 5047, 5041, 5030, 5024, 5018)
(10826,6204,5032, 5021, 5010)
(10857,6204,5032, 5021, 5010)
(10872,6226,5027, 5038, 5044, 5050, 5056, 5057, 5058, 5059)
(10876,6226,5030, 5041, 5047, 5053)
(10878,6226,5029, 5018, 5012, 5006)
(10886,6226,5003, 5008, 5019, 5030, 5041, 5046)
(10906,6226,5041, 5030, 5024, 5018, 5012, 5011)
(10911,6226,5023, 5029, 5035, 5041, 5047, 5053)
(10960,6226,5027, 5038, 5044, 5050, 5056)
(10978,6226,5006, 5012, 5018, 5029, 5040, 5051)
(10988,6226,5049, 5038, 5033, 5028, 5017, 5012)
(11025,6226,5019, 5030, 5041, 5046, 5051, 5056, 5055)
(11040,6251,5030, 5041, 5047, 5053)
(11071,6251,5057, 5056, 5050, 5044, 5038, 5027, 5016, 5005)
(11098,6251,5023, 5029, 5035, 5041, 5047, 5048, 5054)
(11106,6251,5051, 5046, 5041, 5030, 5019, 5008, 5003)
(11111,6251,5053, 5047, 5041, 5030)
(11117,6251,5049, 5038, 5033, 5028, 5017, 5012, 5013, 5008, 5003, 5004)
(11150,6251,5029, 5018, 5012, 5006)
(11164,6251,5030, 5041, 5047, 5048, 5054)
(11167,6251,5006, 5012, 5013, 5019, 5030, 5036, 5037)
(11173,6251,5041, 5030, 5024, 5018, 5012, 5011)
(11245,6283,5032, 5043, 5054)
(11264,6283,5045, 5046, 5041, 5030, 5019, 5008, 5003)
(11285,6283,5041, 5030, 5024, 5018, 5012, 5011)
(11295,6283,5028, 5039, 5050)
(11302,6283,5008, 5019, 5030, 5041, 5046, 5051, 5056)
(11319,6283,5015, 5020, 5031, 5036, 5041, 5046, 5051, 5056, 5055)
(11325,6283,5030, 5019, 5008, 5002)
(11329,6283,5008, 5019, 5030, 5041, 5052)
(11331,6283,5013, 5019, 5030, 5041, 5047, 5048, 5054)
(11340,6283,5019, 5030, 5041, 5046, 5051)
(11436,6313,5044, 5038, 5027, 5016, 5005)
(11437,6313,5038, 5033, 5028, 5017, 5006)
(11451,6313,5044, 5038, 5027, 5016)
(11453,6313,5010, 5021, 5032)
(11469,6313,5029, 5035, 5041, 5047, 5053)
(11501,6313,5028, 5017, 5011, 5005)
(11513,6313,5051, 5040, 5029, 5023)
(11527,6313,5028, 5017, 5006)
(11530,6313,5030, 5041, 5047, 5048, 5054)
(11546,6313,5027, 5038, 5044, 5050, 5056, 5057)
(11567,6330,5013, 5019, 5030, 5041, 5047, 5053)
(11568,6330,5045, 5046, 5041, 5030, 5019, 5008, 5003)
(11573,6330,5006, 5012, 5018, 5029, 5040, 5051)
(11594,6330,5032, 5026, 5025, 5024, 5018, 5012, 5011, 5005)
(11613,6330,5011, 5012, 5013, 5019, 5030, 5041, 5047, 5048)
(11644,6330,5045, 5046, 5041, 5030, 5019, 5008, 5003)
(11667,6330,5030, 5024, 5018, 5012, 5011, 5005)
(11709,6330,5059, 5053, 5047, 5041, 5030, 5019, 5014)
(11740,6330,5032, 5026, 5025, 5019, 5008, 5002)
(11743,6330,5028, 5039, 5050)
(11767,6360,5011, 5012, 5013, 5019, 5030, 5041, 5047)
(11795,6360,5051, 5040, 5029)
(11796,6360,5032, 5043, 5054)
(11799,6360,5032, 5021, 5010, 5004)
(11823,6360,5006, 5012, 5013, 5019, 5030, 5036)
(11854,6360,5010, 5021, 5032, 5043, 5054)
(11855,6360,5029, 5018, 5007)
(11878,6360,5028, 5017, 5011, 5005)
(11895,6360,5059, 5053, 5047, 5041, 5030, 5024, 5018)
(11909,6360,5029, 5035, 5041, 5047, 5048, 5054)
(11912,6385,5052, 5041, 5030, 5019, 5008, 5003, 5004)
(11918,6385,5028, 5017, 5006)
(11948,6385,5041, 5030, 5019, 5008)
(11974,6385,5011, 5012, 5013, 5019, 5030, 5041)
(11988,6385,5031, 5042, 5053)
(12013,6385,5029, 5018, 5007)
(12021,6385,5029, 5040, 5051)
(12032,6385,5049, 5038, 5033, 5028, 5017, 5012, 5013, 5014)
(12039,6385,5019, 5030, 5041, 5047)
(10027,6385,5029, 5018, 5012, 5006)
(10056,6410,5005, 5011, 5012, 5013, 5019, 5030, 5041, 5052)
(10086,6410,5029, 5018, 5012, 5006)
(10096,6410,5010, 5021, 5032, 5043)
(10110,6410,5049, 5038, 5033, 5028, 5017, 5012, 5013, 5014)
(10182,6410,5028, 5039, 5050)
(10206,6410,5030, 5041, 5047, 5048, 5054)
(10217,6410,5041, 5030, 5024, 5018, 5012, 5011, 5005)
(10220,6410,5023, 5029, 5035, 5041, 5047, 5048, 5054)
(10222,6410,5003, 5008, 5019, 5030, 5041, 5046, 5045, 5044)
(10230,6410,5005, 5011, 5012, 5018, 5029, 5040)
(10269,6426,5049, 5038, 5033, 5028, 5017, 5006)
(10324,6426,5002, 5008, 5019, 5030, 5041, 5047)
(10371,6426,5052, 5041, 5030, 5019, 5008, 5002)
(10375,6426,5016, 5027, 5038, 5049)
(10385,6426,5019, 5030, 5041)
(10391,6426,5020, 5031, 5042, 5053)
(10446,6426,5053, 5047, 5041, 5030, 5024, 5018, 5012)
(10497,6426,5027, 5016, 5005)
(10532,6426,5057, 5056, 5050, 5044, 5038, 5027)
(10533,6426,5019, 5030, 5041, 5046, 5051)
(10576,6442,5027, 5016, 5005)
(10581,6442,5050, 5044, 5038, 5027, 5016)
(10653,6442,5005, 5011, 5012, 5013, 5019, 5030, 5041, 5047)
(10664,6442,5046, 5041, 5030, 5019, 5008)
(10667,6442,5029, 5035, 5041, 5047, 5053)
(10676,6442,5031, 5042, 5053)
(10684,6442,5051, 5040, 5029, 5018, 5012)
(10719,6442,5002, 5008, 5019, 5030, 5036)
(10728,6442,5031, 5025, 5024, 5018, 5012, 5011, 5005)
(10738,6442,5008, 5019, 5030, 5041, 5046, 5051, 5056)
(10739,6458,5028, 5017, 5006)
(10755,6458,5029, 5018, 5012, 5011, 5005)
(10782,6458,5049, 5038, 5027)
(10788,6458,5002, 5008, 5019, 5030, 5036)
(10822,6458,5029, 5035, 5041, 5047, 5053)
(10851,6458,5049, 5038, 5027, 5016)
(10853,6458,5047, 5041, 5030, 5024, 5018, 5012, 5011, 5005)
(10863,6458,5012, 5013, 5019, 5030, 5041, 5047)
(10866,6458,5027, 5016, 5005)
(10956,6458,5050, 5044, 5038, 5027, 5016, 5005)
(10959,6474,5010, 5021, 5032)
(10961,6474,5030, 5019, 5008)
(10972,6474,5011, 5012, 5018, 5029, 5040, 5051)
(10979,6474,5012, 5013, 5019, 5030, 5041, 5047, 5053)
(10991,6474,5007, 5018, 5029, 5040)
(11004,6474,5053, 5047, 5041, 5030, 5024, 5018)
(11052,6474,5011, 5012, 5013, 5019, 5030, 5041, 5047, 5053)
(11131,6474,5020, 5031, 5036, 5041, 5046, 5051, 5056, 5055)
(11143,6474,5012, 5018, 5029, 5040)
(11180,6474,5047, 5041, 5030, 5024, 5018)
(11187,6490,5015, 5020, 5031, 5036, 5041, 5046, 5051)
(11233,6490,5031, 5025, 5019, 5008)
(11270,6490,5017, 5022, 5027, 5038, 5049)
(11297,6490,5015, 5020, 5031, 5036, 5041, 5046, 5051, 5056, 5055)
(11324,6490,5051, 5046, 5041, 5030, 5019, 5008, 5002)
(11326,6490,5048, 5047, 5041, 5030, 5024, 5018, 5012)
(11327,6490,5004, 5003, 5008, 5019, 5030, 5041, 5046, 5051, 5056, 5055)
(11330,6490,5011, 5012, 5013, 5019, 5030, 5041, 5047, 5048)
(11364,6490,5005, 5016, 5027)
(11377,6490,5032, 5043, 5054)
(11391,6511,5032, 5043, 5054)
(11409,6511,5003, 5008, 5019, 5030, 5041)
(11441,6511,5027, 5038, 5049)
(11450,6511,5019, 5030, 5041, 5046, 5051)
(11489,6511,5005, 5011, 5012, 5018, 5029, 5040, 5051)
(11495,6511,5005, 5011, 5012, 5013, 5019, 5030, 5036, 5037)
(11497,6511,5051, 5046, 5041, 5030, 5019, 5008)
(11519,6511,5021, 5032, 5043, 5054)
(11521,6511,5030, 5019, 5008)
(11554,6511,5006, 5012, 5013, 5019, 5030, 5036, 5037)
(11563,6527,5031, 5042, 5048, 5054)
(11582,6527,5017, 5022, 5027, 5038, 5049)
(11585,6527,5056, 5051, 5046, 5041, 5030, 5019, 5014, 5015)
(11596,6527,5021, 5032, 5043, 5054)
(11630,6527,5029, 5035, 5041, 5047, 5048, 5054)
(11634,6527,5027, 5016, 5005)
(11647,6527,5007, 5018, 5029, 5040)
(11676,6527,5009, 5020, 5031, 5042, 5053)
(11688,6527,5023, 5029, 5035, 5041, 5047, 5053)
(11696,6527,5027, 5016, 5005)
(11702,6543,5003, 5008, 5019, 5030, 5041, 5052)
(11738,6543,5008, 5019, 5030, 5041, 5046, 5045)
(11756,6543,5032, 5021, 5010)
(11760,6543,5059, 5053, 5047, 5041, 5030, 5024, 5018, 5012)
(11765,6543,5049, 5038, 5033, 5028, 5017, 5012, 5013, 5008, 5003, 5004)
(11792,6543,5045, 5046, 5041, 5030, 5019, 5008, 5003)
(11814,6543,5051, 5040, 5029, 5018, 5012, 5006)
(11818,6543,5005, 5011, 5017, 5028)
(11833,6543,5038, 5027, 5016)
(11845,6543,5041, 5030, 5024, 5018, 5012, 5011, 5005)
(11853,6564,5005, 5011, 5012, 5013, 5019, 5030, 5041, 5047, 5053)
(11885,6564,5027, 5038, 5044, 5050, 5056, 5057)
(11887,6564,5011, 5012, 5018, 5029, 5040, 5051)
(11949,6564,5028, 5017, 5006)
(11960,6564,5059, 5053, 5042, 5031)
(12044,6564,5051, 5046, 5041, 5030, 5019)
(12045,6564,5027, 5038, 5044, 5050, 5056, 5057, 5058, 5059)
(12047,6564,5057, 5056, 5050, 5044, 5038, 5027)
